date,open,high,close,low,volume,price_change,p_change,ma5,ma10,ma20,v_ma5,v_ma10,v_ma20,turnover
2015-12-07,40.6,40.99,40.5,39.3,1041617.88,1.0,2.53,38.118,36.827,36.151,709862.62,564176.98,462316.74,10.15
2015-12-04,38.51,39.63,39.5,37.8,791566.38,0.99,2.57,37.328,36.372,35.777,598651.05,491306.31,421382.89,7.71
2015-12-03,36.52,38.89,38.51,36.31,677169.94,2.37,6.56,36.384,36.114,35.433,502162.92,438516.21,391080.84,6.6
2015-12-02,35.94,36.94,36.14,35.5,407811.59,0.2,0.56,35.828,35.992,35.151,425978.54,407086.86,371713.76,3.97
2015-12-01,37.1,37.35,35.94,35.6,631147.31,-0.61,-1.67,35.604,36.007,35.005,411281.41,413778.85,371803.74,6.15
2015-11-30,35.78,36.8,36.55,35.3,485560.03,1.77,5.09,35.536,36.133,34.895,418491.34,404669.23,373303.85,4.73
2015-11-27,35.73,36.18,34.78,34.3,309125.72,-0.95,-2.66,35.416,35.973,34.691,383961.57,390719.2,373931.39,3.01
2015-11-26,35.3,35.95,35.73,35.15,296248.06,0.71,2.03,35.844,35.957,34.551,374869.5,404021.85,383739.11,2.89
2015-11-25,35.62,35.87,35.02,34.99,334325.91,-0.58,-1.63,36.156,35.821,34.309,388195.18,407004.07,407944.94,3.26
2015-11-24,36.99,37.5,35.6,35.21,667197.0,-0.35,-0.97,36.41,35.677,34.111,416276.3,391064.97,413163.2,6.5
2015-11-13,36.53,37.0,35.95,35.8,312911.16,-0.97,-2.63,36.73,35.474,33.851,390847.11,360456.5,401604.62,3.05
2015-11-12,37.45,37.57,36.92,36.66,263665.38,-0.37,-0.99,36.53,35.181,33.561,397476.84,351459.48,408212.97,2.57
2015-11-11,36.24,37.29,37.29,36.24,362876.47,1.0,2.76,36.07,34.751,33.225,433174.21,343645.47,421328.23,3.54
2015-11-10,36.88,37.68,36.29,35.95,474731.47,-0.91,-2.45,35.486,34.309,32.842,425812.96,336340.65,431332.35,4.63
2015-11-09,35.75,37.2,37.2,34.95,540051.06,2.25,6.44,34.944,34.003,32.568,365853.65,329828.62,436378.02,5.26
2015-11-06,34.38,35.53,34.95,34.15,346059.81,0.33,0.95,34.218,33.656,32.252,330065.89,341938.48,459654.49,3.37
2015-11-05,34.19,35.5,34.62,34.0,442152.22,0.25,0.73,33.832,33.409,32.061,305442.11,357143.57,496141.79,4.31
2015-11-04,33.58,34.4,34.37,33.41,326070.22,0.79,2.35,33.432,33.144,31.764,254116.74,363456.37,474838.83,3.18
2015-11-03,33.4,34.05,33.58,33.21,174934.94,0.01,0.03,33.132,32.797,31.47,246868.34,408885.82,490791.55,1.7
2015-11-02,32.6,34.42,33.57,32.52,361112.25,0.55,1.67,33.062,32.545,31.162,293803.59,435261.43,513100.2,3.52
2015-10-30,32.83,33.42,33.02,32.23,222940.94,0.4,1.23,33.094,32.227,30.891,353811.07,442752.75,550800.21,2.17
2015-10-29,33.1,33.39,32.62,32.5,185525.34,-0.25,-0.76,32.986,31.941,30.688,408845.03,464966.46,693978.11,1.81
2015-10-28,33.24,34.08,32.87,32.73,289828.25,-0.36,-1.08,32.856,31.699,30.481,472795.99,499010.98,688967.09,2.82
2015-10-27,33.33,33.55,33.23,32.24,409611.19,-0.5,-1.48,32.462,31.374,30.435,570903.29,526324.04,720993.17,3.99
2015-10-26,32.94,34.2,33.73,32.65,661149.62,1.25,3.85,32.028,31.133,30.396,576719.27,542927.42,750124.75,6.44
2015-10-23,32.1,32.68,32.48,31.41,498110.75,0.51,1.59,31.36,30.848,30.357,531694.43,577370.5,802246.28,4.85
2015-10-22,30.65,32.1,31.97,30.63,505280.16,1.07,3.46,30.896,30.712,30.405,521087.89,635140.0,834862.84,4.92
2015-10-21,31.1,32.5,30.9,30.75,780364.75,-0.16,-0.52,30.542,30.384,30.326,525225.96,586221.28,866268.7,7.6
2015-10-20,30.35,31.38,31.06,30.13,438691.09,0.67,2.21,30.286,30.143,30.194,481744.79,572697.28,867815.5,4.27
2015-10-19,30.14,31.18,30.39,29.93,436025.38,0.23,0.76,30.238,29.779,29.985,509135.56,590938.96,882373.58,4.25
2015-10-16,30.18,30.45,30.16,29.75,445078.09,-0.04,-0.13,30.336,29.555,29.839,623046.58,658847.67,901496.93,4.34
2015-10-15,29.58,30.85,30.2,29.55,525970.5,0.58,1.96,30.528,29.434,29.75,749192.11,922989.76,924098.03,5.12
2015-10-14,30.7,30.82,29.62,29.41,562958.88,-1.2,-3.89,30.226,29.262,29.603,647216.61,878923.21,946790.76,5.48
2015-10-13,30.67,31.34,30.82,30.04,575644.94,-0.06,-0.19,30.0,29.496,29.413,663649.78,915662.29,951242.62,5.61
2015-10-12,31.2,32.08,30.88,30.82,1005580.5,-0.24,-0.77,29.32,29.659,29.174,672742.36,957322.09,959076.2,9.8
2015-10-08,29.2,31.34,31.12,29.0,1075805.75,2.63,9.23,28.774,29.865,28.874,694648.76,1027122.07,935762.04,10.48
2015-10-07,28.43,28.69,28.69,27.97,16092.97,0.2,0.7,28.34,30.097,28.548,1096787.41,1034585.68,908058.48,0.16
2015-09-30,27.69,28.78,28.49,27.61,645124.75,1.07,3.9,28.298,30.268,28.317,1110629.81,1146316.12,930240.13,6.29
2015-09-29,27.75,28.35,27.42,27.23,621107.81,-0.73,-2.59,28.992,30.244,28.103,1167674.8,1162933.71,931809.16,6.05
2015-09-28,28.9,29.3,28.15,27.81,1115112.5,-0.8,-2.76,29.998,30.191,27.894,1241901.83,1173808.21,920906.07,10.86
2015-09-25,26.2,30.76,28.95,26.2,3086499.0,0.47,1.65,30.956,30.122,27.641,1359595.38,1144146.2,887747.24,30.07
2015-09-24,28.48,28.48,28.48,28.48,85305.0,-3.16,-9.99,31.854,30.065,27.378,972383.95,925206.31,767885.63,0.83
2015-04-02,32.45,33.35,31.96,31.47,930349.69,-0.49,-1.51,32.238,29.944,27.095,1182002.43,1014658.31,781642.0,9.06
2015-04-01,32.94,32.98,32.45,31.76,992242.94,-0.49,-1.49,31.496,29.329,26.653,1158192.61,986822.94,772024.97,9.67
2015-03-31,34.5,36.38,32.94,32.67,1703580.25,-0.5,-1.5,30.384,28.689,26.231,1105714.59,960830.3,745468.93,16.6
2015-03-30,30.68,33.44,33.44,29.99,1150441.88,3.04,10.0,29.288,27.883,25.787,928697.01,844402.02,704555.33,11.21
2015-03-27,29.7,31.0,30.4,28.63,1133397.38,2.15,7.61,28.276,26.998,25.386,878028.66,781531.28,687985.06,11.04
2015-03-26,26.72,28.25,28.25,26.27,811300.62,1.36,5.06,27.65,26.366,25.148,847314.2,714164.15,652106.06,7.9
2015-03-25,27.75,28.3,26.89,26.84,729852.81,-0.57,-2.08,27.162,25.961,25.01,815453.27,700684.62,633960.69,7.11
2015-03-24,28.84,28.84,27.46,26.56,818492.38,-0.92,-3.24,26.994,25.596,24.886,815946.01,668003.94,609984.83,7.97
2015-03-23,27.8,29.2,28.38,27.8,897100.12,1.11,4.07,26.478,25.159,24.77,760107.02,631348.29,569498.13,8.74
2015-03-20,26.0,28.25,27.27,25.85,979825.06,1.46,5.66,25.72,24.69,24.602,685033.9,610564.95,546560.82,9.55
2015-03-19,26.01,26.44,25.81,25.51,651996.0,-0.24,-0.92,25.082,24.246,24.478,581014.1,548625.69,526163.79,6.35
2015-03-18,25.05,26.1,26.05,24.92,732316.5,1.17,4.7,24.76,23.976,24.467,585915.96,557226.99,523835.54,7.13
2015-03-17,24.8,25.2,24.88,24.61,539297.44,0.29,1.18,24.198,23.772,24.403,520061.86,530107.56,507372.36,5.25
2015-03-16,24.52,24.73,24.59,24.13,521734.5,0.51,2.12,23.84,23.691,24.424,502589.55,564708.63,494218.82,5.08
2015-03-13,24.2,24.59,24.08,23.9,459726.06,-0.12,-0.5,23.66,23.774,24.459,536096.0,594438.84,485214.99,4.48
2015-03-12,23.59,24.27,24.2,23.15,676505.31,0.96,4.13,23.41,23.929,24.485,516237.29,590047.96,486551.73,6.59
2015-03-11,23.06,23.59,23.24,23.03,403046.0,0.15,0.65,23.192,24.058,24.55,528538.01,567236.77,481404.73,3.93
2015-03-10,23.3,23.46,23.09,22.75,451935.88,-0.6,-2.53,23.346,24.175,24.738,540153.25,551965.72,522167.94,4.4
2015-03-09,22.62,23.89,23.69,21.95,689266.75,0.86,3.77,23.542,24.381,24.911,626827.71,507647.97,523861.35,6.72
2015-03-06,22.95,23.43,22.83,22.83,360432.5,-0.28,-1.21,23.888,24.514,25.04,652781.69,482556.69,520818.51,3.51
2015-03-05,23.95,23.95,23.11,22.8,738008.94,-0.9,-3.75,24.448,24.709,25.22,663858.64,503701.89,539995.77,7.19
2015-03-04,24.09,24.64,24.01,23.62,461122.19,-0.06,-0.25,24.924,24.957,25.355,605935.52,490444.1,538927.17,4.49
2015-03-03,25.1,25.1,24.07,23.9,885308.19,-1.35,-5.31,25.004,25.034,25.422,563778.19,484637.16,539073.67,8.63
2015-03-02,26.52,26.62,25.42,25.1,819036.62,-0.21,-0.82,25.22,25.157,25.469,388468.23,423729.01,520175.91,7.98
2015-02-27,25.41,26.35,25.63,25.22,415817.25,0.14,0.55,25.14,25.143,25.487,312331.7,375991.14,520168.44,4.05
2015-02-26,24.37,25.6,25.49,24.33,448393.34,1.08,4.42,24.97,25.04,25.565,343545.14,383055.5,522631.18,4.37
2015-02-25,24.97,24.97,24.41,24.22,250335.56,-0.61,-2.44,24.99,25.041,25.676,374952.68,395572.69,544936.31,2.44
2015-02-24,25.11,25.3,25.15,25.06,8758.37,0.13,0.52,25.064,25.3,25.777,405496.13,492370.15,566761.83,0.09
2015-02-17,24.93,25.27,25.02,24.61,438353.97,0.24,0.97,25.094,25.44,25.809,458989.8,540074.72,611923.64,4.27
2015-02-16,25.21,25.37,24.78,24.7,571884.44,-0.81,-3.17,25.146,25.565,25.756,439650.58,559080.33,626306.73,5.57
2015-02-13,24.86,26.19,25.59,24.47,605431.06,0.81,3.27,25.11,25.731,25.678,422565.86,576289.66,638064.74,5.9
2015-02-12,25.12,25.31,24.78,24.51,403052.81,-0.52,-2.06,25.092,25.753,25.689,416192.71,587410.24,639893.11,3.93
2015-02-11,25.6,25.8,25.3,24.88,276226.72,0.02,0.08,25.536,25.809,25.751,579244.17,593510.18,655038.19,2.69
2015-02-10,24.22,25.34,25.28,24.22,341657.88,0.68,2.76,25.786,25.78,25.698,621159.64,616622.8,664441.22,3.33
2015-02-09,25.0,25.3,24.6,24.01,486460.81,-0.9,-3.53,25.984,25.831,25.634,678510.08,664345.74,667854.88,4.74
2015-02-06,26.33,26.66,25.5,25.3,573565.31,-1.5,-5.56,26.352,26.09,25.608,730013.47,662206.87,675026.46,5.59
2015-02-05,27.99,28.8,27.0,26.98,1218310.12,0.45,1.7,26.414,26.311,25.585,758627.78,694299.92,685156.0,11.87
2015-02-04,26.35,26.97,26.55,26.03,485804.09,0.28,1.07,26.082,26.253,25.517,607776.19,641153.51,656283.99,4.73
2015-02-03,26.69,26.97,26.27,25.06,628410.06,-0.17,-0.64,25.774,26.178,25.544,612085.96,683772.55,661772.49,6.12
2015-02-02,25.01,27.36,26.44,24.8,743977.75,0.63,2.44,25.678,25.946,25.579,650181.41,693533.13,669037.37,7.25
2015-01-30,25.5,26.8,25.81,25.2,716636.88,0.47,1.85,25.828,25.625,25.668,594400.28,699839.82,685700.76,6.98
2015-01-29,24.51,25.85,25.34,24.41,464052.16,0.33,1.32,26.208,25.625,25.697,629972.06,692375.97,674977.68,4.52
2015-01-28,25.4,25.6,25.01,24.65,507352.94,-0.78,-3.02,26.424,25.692,25.63,674530.84,716566.2,700421.65,4.94
2015-01-27,27.01,27.15,25.79,24.83,818887.31,-1.4,-5.15,26.582,25.616,25.545,755459.15,712259.65,747951.89,7.98
2015-01-26,27.97,28.0,27.19,26.85,465072.12,-0.52,-1.88,26.214,25.436,25.316,736884.85,671364.01,745655.01,4.53
2015-01-23,26.4,28.5,27.71,25.6,894495.75,1.29,4.88,25.422,25.126,24.94,805279.35,687846.04,743583.22,8.71
2015-01-22,25.8,27.28,26.42,25.48,686846.06,0.62,2.4,25.042,24.858,24.528,754779.89,676012.09,721615.78,6.69
2015-01-21,24.0,26.28,25.8,23.62,911994.5,1.85,7.72,24.96,24.781,24.232,758601.56,671414.47,722436.86,8.89
2015-01-20,23.65,24.48,23.95,23.03,726015.81,0.72,3.1,24.65,24.909,23.973,669060.14,639772.43,714239.52,7.07
2015-01-19,23.42,25.46,23.23,23.23,807044.62,-2.58,-10.0,24.658,25.212,23.81,605843.17,644541.61,709677.77,7.86
2015-01-16,25.8,26.5,25.81,25.28,641998.44,-0.2,-0.77,24.83,25.711,23.71,570412.73,671561.71,716812.06,6.25
2015-01-15,24.34,26.01,26.01,24.3,705954.44,1.76,7.26,24.674,25.769,23.476,597244.28,657579.38,741783.63,6.88
2015-01-14,24.1,24.88,24.25,23.93,464287.41,0.26,1.08,24.602,25.567,23.161,584227.38,684277.1,745337.31,4.52
2015-01-13,24.1,24.55,23.99,23.38,409930.94,-0.1,-0.41,25.168,25.474,22.9,610484.71,783644.13,753507.28,3.99
2015-01-12,24.7,24.76,24.09,23.71,629892.44,-0.94,-3.75,25.766,25.195,22.689,683240.05,819946.01,761816.77,6.14
2015-01-09,25.36,26.99,25.03,25.0,776156.19,-0.62,-2.42,26.592,24.753,22.485,772710.69,799320.39,760841.12,7.56
2015-01-08,26.8,26.9,25.65,25.03,640869.94,-1.43,-5.28,26.864,24.198,22.214,717914.48,767219.47,763024.95,6.24
2015-01-07,26.56,27.37,27.08,25.96,595574.06,0.1,0.37,26.532,23.683,21.857,784326.82,773459.26,793187.19,5.8
2015-01-06,27.5,27.88,26.98,26.2,773707.62,-1.24,-4.39,25.78,23.036,21.53,956803.55,788706.61,815563.13,7.54
2015-01-05,28.75,29.03,28.22,27.5,1077245.62,1.83,6.93,24.624,22.408,21.118,956651.97,774813.94,826529.5,10.5
2014-12-31,24.0,26.39,26.39,23.9,502175.16,2.4,10.0,22.914,21.708,20.69,825930.1,762062.41,812658.65,4.89
2014-12-30,23.32,25.5,23.99,22.7,972931.62,0.67,2.87,21.532,21.183,20.278,816524.46,825987.87,851759.83,9.48
2014-12-29,22.4,23.32,23.32,21.6,1457957.75,2.12,10.0,20.834,20.755,19.942,762591.69,806397.51,855592.05,14.21
2014-12-26,19.81,21.3,21.2,19.81,772949.69,1.53,7.78,20.292,20.325,19.611,620609.67,723370.43,837010.52,7.53
2014-12-25,19.3,19.87,19.67,19.01,423636.28,0.19,0.97,20.192,20.183,19.4,592975.91,703687.53,855803.71,4.13
2014-12-24,20.39,20.39,19.48,19.28,455146.94,-1.02,-4.98,20.502,20.216,19.189,698194.73,722361.84,884255.64,4.43
2014-12-23,20.0,21.44,20.5,19.52,703267.81,-0.11,-0.53,20.834,20.23,18.984,835451.29,758830.44,919030.85,6.85
2014-12-22,20.49,21.85,20.61,19.71,748047.62,-0.09,-0.43,20.676,20.03,18.706,850203.33,812915.12,947771.46,7.29
2014-12-19,20.9,21.2,20.7,19.71,634780.88,-0.52,-2.45,20.358,20.024,18.401,826131.19,842419.64,965421.86,6.19
2014-12-18,21.92,22.54,21.22,21.0,949730.38,0.08,0.38,20.174,19.828,18.025,814399.15,878245.06,952944.41,9.25
2014-12-17,19.6,21.5,21.14,19.2,1141429.75,1.43,7.25,19.93,19.671,17.608,746528.95,863254.89,918721.4,11.12
2014-12-16,18.79,19.76,19.71,18.01,777028.0,0.69,3.63,19.626,19.372,17.194,682209.59,877531.79,874535.5,7.57
2014-12-15,20.12,20.32,19.02,18.01,627686.94,-0.76,-3.84,19.384,19.128,16.848,775626.91,904786.59,857270.57,6.12
2014-12-12,20.0,20.62,19.78,19.38,576120.69,-0.22,-1.1,19.69,18.897,16.548,858708.09,950650.62,852717.64,5.61
2014-12-11,19.43,20.88,20.0,19.18,610379.38,0.38,1.94,19.482,18.617,16.233,942090.96,1007919.89,840641.92,5.95
2014-12-10,18.45,19.69,19.62,17.8,819832.94,1.12,6.05,19.412,18.161,15.913,979980.82,1046149.44,829720.82,7.99
2014-12-09,20.1,22.19,18.5,18.5,1244114.62,-2.05,-9.98,19.118,17.737,15.63,1072853.99,1079231.26,813748.33,12.12
2014-12-08,18.65,20.55,20.55,18.31,1043092.81,1.81,9.66,18.872,17.382,15.4,1033946.26,1082627.81,790311.94,10.16
2014-12-05,19.89,19.98,18.74,18.1,993035.06,-0.91,-4.63,18.104,16.777,15.059,1042593.15,1088424.08,775419.78,9.68
2014-12-04,18.15,19.87,19.65,17.59,799828.69,1.5,8.26,17.752,16.221,14.793,1073748.81,1027643.77,755928.03,7.79
2014-12-03,17.5,19.0,18.15,17.5,1284198.75,0.88,5.1,16.91,15.544,14.469,1112318.05,974187.91,732752.2,12.51
2014-12-02,16.4,17.65,17.27,16.23,1049576.0,0.56,3.35,16.356,15.016,14.211,1085608.53,871539.21,680340.52,10.23
2014-12-01,17.35,17.68,16.71,16.48,1086327.25,-0.27,-1.59,15.892,14.568,14.007,1131309.35,809754.54,643235.27,10.58
2014-11-28,15.41,16.98,16.98,15.1,1148813.38,1.54,9.97,15.45,14.199,13.826,1134255.0,754784.66,610896.9,11.19
2014-11-27,15.3,15.73,15.44,15.0,992674.88,0.06,0.39,14.69,13.848,13.639,981538.73,673363.94,574642.05,9.67
2014-11-26,14.81,15.6,15.38,14.71,1150651.12,0.43,2.88,14.178,13.665,13.506,836057.77,613292.2,536978.14,11.21
2014-11-25,15.05,15.2,14.95,14.64,1278080.12,0.45,3.1,13.676,13.523,13.383,657469.89,548265.39,498229.53,12.45
2014-11-24,14.0,14.5,14.5,13.88,1101055.5,1.32,10.02,13.244,13.417,13.259,488199.74,497996.08,444867.8,10.73
2014-11-21,12.83,13.22,13.18,12.73,385232.03,0.3,2.33,12.948,13.34,13.134,375314.33,462415.49,403446.46,3.75
2014-11-20,12.79,12.95,12.88,12.77,265270.09,0.01,0.08,13.006,13.364,13.095,365189.16,484212.3,390067.08,2.58
2014-11-19,12.8,12.89,12.87,12.7,257711.69,0.08,0.62,13.152,13.393,13.073,390526.63,491316.5,386518.44,2.51
2014-11-18,13.0,13.05,12.79,12.64,431729.38,-0.23,-1.77,13.37,13.405,13.066,439060.9,489141.84,383255.79,4.21
2014-11-17,13.46,13.48,13.02,12.98,536628.44,-0.45,-3.34,13.59,13.446,13.078,507792.41,476715.99,375030.5,5.23
2014-11-14,13.56,13.65,13.47,13.3,334606.19,-0.14,-1.03,13.732,13.452,13.092,549516.65,467009.13,359573.59,3.26
2014-11-13,14.03,14.19,13.61,13.57,391957.44,-0.35,-2.51,13.722,13.43,13.081,603235.44,475920.15,360165.56,3.82
2014-11-12,13.75,14.1,13.96,13.65,500383.06,0.07,0.5,13.634,13.347,13.055,592106.37,460664.07,357149.81,4.88
2014-11-11,13.84,14.14,13.89,13.5,775386.94,0.16,1.17,13.44,13.243,13.03,539222.77,448193.66,352579.07,7.56
2014-11-10,13.5,14.06,13.73,13.25,745249.62,0.31,2.31,13.302,13.1,13.02,445639.57,391739.53,334495.5,7.26
2014-11-07,13.14,13.87,13.42,13.01,603200.12,0.25,1.9,13.172,12.928,13.016,384501.61,344477.44,334073.13,5.88
2014-11-06,13.0,13.44,13.17,13.0,336312.09,0.18,1.39,13.138,12.826,13.003,348604.87,295921.85,356089.17,3.28
2014-11-05,13.17,13.32,12.99,12.98,235965.09,-0.21,-1.59,13.06,12.753,12.973,329221.77,281720.39,357758.0,2.3
2014-11-04,13.0,13.25,13.2,12.8,307470.91,0.12,0.92,13.046,12.727,12.951,357164.54,277369.75,376840.8,3.0
2014-11-03,13.35,13.52,13.08,12.99,439559.84,-0.17,-1.28,12.898,12.71,12.905,337839.49,273345.01,374243.17,4.28
2014-10-31,12.79,13.28,13.25,12.78,423716.41,0.47,3.68,12.684,12.731,12.864,304453.27,252138.05,377177.9,4.13
2014-10-30,12.95,12.96,12.78,12.64,239396.62,-0.14,-1.08,12.514,12.732,12.81,243238.84,244410.96,374820.5,2.33
2014-10-29,12.49,13.08,12.92,12.45,375678.94,0.46,3.69,12.446,12.762,12.778,234219.0,253635.55,379695.13,3.66
2014-10-28,12.09,12.5,12.46,12.05,210845.62,0.45,3.75,12.408,12.816,12.746,197574.96,256964.48,376684.37,2.05
2014-10-27,12.41,12.42,12.01,11.98,272628.75,-0.39,-3.15,12.522,12.94,12.734,208850.54,277251.46,383930.43,2.66
2014-10-24,12.41,12.63,12.4,12.31,117644.26,-0.04,-0.32,12.778,13.103,12.732,199822.84,323668.83,382454.41,1.15
2014-10-23,12.71,12.76,12.44,12.37,194297.44,-0.29,-2.28,12.95,13.18,12.716,245583.08,416256.49,388363.12,1.89
2014-10-22,12.99,12.99,12.73,12.72,192458.72,-0.3,-2.3,13.078,13.193,12.692,273052.09,433795.62,388283.97,1.88
2014-10-21,13.12,13.14,13.03,12.82,267223.53,-0.26,-1.96,13.224,13.174,12.659,316354.01,476311.85,393755.05,2.6
2014-10-20,13.12,13.44,13.29,13.12,227490.23,0.03,0.23,13.358,13.1,12.599,345652.39,475141.32,395000.85,2.22
2014-10-17,13.1,13.28,13.26,12.78,346445.47,0.18,1.38,13.428,12.996,12.534,447514.82,502217.76,397201.77,3.38
2014-10-16,13.32,13.45,13.08,13.04,331642.5,-0.38,-2.82,13.41,12.887,12.478,586929.9,505230.05,389833.34,3.23
2014-10-15,13.7,13.72,13.46,13.23,408968.31,-0.24,-1.75,13.308,12.793,12.43,594539.15,505754.72,387554.9,3.98
2014-10-14,13.66,13.75,13.7,13.44,413715.44,0.06,0.44,13.124,12.676,12.368,636269.7,496404.26,378246.05,4.03
2014-10-13,13.18,13.71,13.64,13.17,736802.38,0.47,3.57,12.842,12.527,12.292,604630.25,490609.4,382988.48,7.18
2014-10-10,12.63,13.31,13.17,12.61,1043520.88,0.6,4.77,12.564,12.361,12.234,556920.69,441239.99,358877.9,10.17
2014-10-09,12.58,12.75,12.57,12.41,369688.72,0.03,0.24,12.364,12.251,12.205,423530.19,360469.75,323685.54,3.6
2014-10-08,12.8,12.83,12.54,12.47,617621.06,0.25,2.03,12.278,12.191,12.201,416970.29,342772.33,327222.08,6.02
2014-09-30,12.24,12.29,12.29,12.17,255518.19,0.04,0.33,12.228,12.144,12.185,356538.82,311198.25,310142.5,2.49
2014-09-29,12.18,12.29,12.25,11.98,498254.62,0.08,0.66,12.212,12.098,12.176,376588.56,314860.38,305968.64,4.85
2014-09-26,12.08,12.18,12.17,11.85,376568.38,0.03,0.25,12.158,12.071,12.168,325559.29,292185.78,289160.82,3.67
2014-09-25,12.32,12.35,12.14,12.04,336889.22,-0.15,-1.22,12.138,12.069,12.159,297409.32,274436.62,278283.43,3.28
2014-09-24,12.21,12.31,12.29,12.1,315463.69,0.08,0.66,12.104,12.067,12.156,268574.36,269355.08,271657.78,3.07
2014-09-23,12.17,12.37,12.21,12.16,355766.88,0.23,1.92,12.06,12.059,12.146,265857.69,260087.84,278205.23,3.47
2014-09-22,12.08,12.14,11.98,11.95,243108.27,-0.09,-0.75,11.984,12.056,12.131,253132.2,275367.56,277510.47,2.37
2014-09-19,11.99,12.14,12.07,11.94,235818.52,0.1,0.83,11.984,12.107,12.123,258812.27,276515.8,279829.89,2.3
2014-09-18,12.04,12.05,11.97,11.86,192714.42,-0.1,-0.83,12.0,12.158,12.111,251463.93,286901.32,291140.14,1.88
2014-09-17,11.95,12.11,12.07,11.83,301880.34,0.24,2.03,12.03,12.211,12.101,270135.8,311671.84,302383.25,2.94
2014-09-16,12.01,12.19,11.83,11.82,292139.47,-0.15,-1.25,12.058,12.225,12.093,254318.0,309086.75,309823.08,2.85
2014-09-15,12.11,12.12,11.98,11.94,271508.62,-0.17,-1.4,12.128,12.253,12.111,297602.91,297076.9,308444.12,2.65
2014-09-12,12.08,12.21,12.15,12.03,199076.81,0.03,0.25,12.23,12.264,12.124,294219.33,286135.86,309951.01,1.94
2014-09-11,12.16,12.29,12.12,12.08,286073.75,-0.09,-0.74,12.316,12.248,12.123,322338.7,282130.24,310751.62,2.79
2014-09-10,12.14,12.24,12.21,12.01,222791.33,0.03,0.25,12.392,12.244,12.128,353207.88,273960.48,307671.08,2.17
2014-09-09,12.46,12.54,12.18,12.09,508564.06,-0.31,-2.48,12.392,12.232,12.128,363855.5,296322.62,310598.04,4.96
2014-09-05,12.63,12.67,12.49,12.41,254590.7,-0.09,-0.71,12.378,12.206,12.129,296550.89,279653.39,306318.11,2.48
2014-09-04,12.8,12.85,12.58,12.52,339673.66,0.08,0.64,12.298,12.139,12.11,278052.38,283143.97,313697.75,3.31
2014-09-03,12.23,12.56,12.5,12.22,440419.66,0.29,2.38,12.18,12.064,12.104,241921.78,295378.96,311801.89,4.29
2014-09-02,12.12,12.21,12.21,12.01,276029.41,0.1,0.83,12.096,11.99,12.101,194713.07,293094.66,301965.85,2.69
2014-09-01,12.06,12.12,12.11,11.91,172041.02,0.02,0.17,12.072,11.96,12.119,228789.74,310559.41,302297.45,1.68
2014-08-29,11.99,12.19,12.09,11.96,162098.17,0.1,0.83,12.034,11.969,12.147,262755.89,319811.33,314662.8,1.58
2014-08-28,12.04,12.07,11.99,11.85,159020.64,-0.09,-0.74,11.98,11.983,12.152,288235.55,333766.17,327652.31,1.55
2014-08-27,12.06,12.13,12.08,11.96,204376.12,-0.01,-0.08,11.948,11.998,12.182,348836.14,339373.0,336252.16,1.99
2014-08-26,11.83,12.1,12.09,11.76,446412.75,0.17,1.43,11.884,12.011,12.194,391476.24,341381.68,354460.98,4.35
2014-08-25,11.8,11.93,11.92,11.66,341871.75,0.1,0.85,11.848,12.024,12.233,392329.07,324873.46,361652.15,3.33
2014-08-22,11.75,11.89,11.82,11.72,289496.5,-0.01,-0.09,11.904,12.052,12.292,376866.78,332982.84,374775.78,2.82
2014-08-21,11.76,11.83,11.83,11.57,462023.59,0.07,0.59,11.986,12.081,12.351,379296.79,344251.53,380857.86,4.5
2014-08-20,11.93,11.94,11.76,11.65,417576.62,-0.15,-1.26,12.048,12.144,12.42,329909.86,328224.81,397491.73,4.07
2014-08-19,12.16,12.2,11.91,11.75,450676.91,-0.29,-2.38,12.138,12.211,12.442,291287.11,310837.04,400691.74,4.39
2014-08-18,12.32,12.35,12.2,12.12,264560.28,-0.03,-0.24,12.2,12.277,12.44,257417.85,294035.5,394857.82,2.58
2014-08-15,12.12,12.36,12.23,12.09,301646.56,0.09,0.74,12.2,12.324,12.413,289098.9,309514.27,395061.88,2.94
2014-08-14,12.2,12.35,12.14,12.14,215088.94,-0.07,-0.57,12.176,12.321,12.383,309206.27,321538.46,404670.22,2.1
2014-08-13,12.25,12.36,12.21,12.1,224462.86,-0.01,-0.08,12.24,12.366,12.334,326539.76,333131.32,402006.69,2.19
2014-08-12,12.18,12.34,12.22,12.15,281330.62,0.02,0.16,12.284,12.376,12.291,330386.96,367540.29,407186.0,2.74
2014-08-11,12.12,12.36,12.2,12.09,422965.53,0.09,0.74,12.354,12.442,12.236,330653.15,398430.83,404860.42,4.12
2014-08-08,12.46,12.54,12.11,12.09,402183.41,-0.35,-2.81,12.448,12.531,12.175,329929.64,416568.72,393297.97,3.92
2014-08-07,12.44,12.66,12.46,12.33,301756.38,0.03,0.24,12.466,12.621,12.115,333870.64,417464.18,387463.28,2.94
2014-08-06,12.46,12.47,12.43,12.22,243698.86,-0.14,-1.11,12.492,12.695,12.027,339722.89,466758.64,384081.73,2.37
2014-08-05,12.66,12.67,12.57,12.41,282661.56,-0.1,-0.79,12.468,12.673,11.94,404693.62,490546.44,381913.97,2.75
2014-08-04,12.21,12.76,12.67,12.18,419347.97,0.47,3.85,12.53,12.603,11.855,466208.52,495680.14,378166.38,4.09
2014-08-01,12.47,12.65,12.2,12.2,421888.44,-0.39,-3.1,12.614,12.502,11.768,503207.8,480609.49,381692.16,4.11
2014-07-31,12.23,12.6,12.59,12.16,331017.62,0.28,2.27,12.776,12.444,11.686,501057.72,487801.98,374787.76,3.23
2014-07-30,12.87,12.88,12.31,12.27,568552.5,-0.57,-4.42,12.898,12.302,11.578,593794.39,470882.05,368741.67,5.54
2014-07-29,13.0,13.13,12.88,12.62,590236.06,-0.21,-1.6,12.878,12.205,11.483,576399.26,446831.7,347482.14,5.75
2014-07-28,12.99,13.32,13.09,12.71,604344.38,0.08,0.61,12.676,12.029,11.358,525151.76,411290.0,324652.31,5.89
2014-07-25,13.1,13.14,13.01,12.73,411138.03,-0.19,-1.44,12.39,11.819,11.224,458011.18,370027.23,304068.73,4.01
2014-07-24,12.4,13.23,13.2,12.25,794701.0,0.99,8.11,12.112,11.609,11.09,474546.24,357462.38,293007.29,7.74
2014-07-23,11.8,12.3,12.21,11.78,481576.81,0.34,2.86,11.706,11.359,10.943,347969.71,301404.82,261651.2,4.69
2014-07-22,11.6,12.05,11.87,11.53,333998.56,0.21,1.8,11.532,11.206,10.84,317264.15,273281.49,246035.35,3.25
2014-07-21,11.59,11.83,11.66,11.46,268641.5,0.04,0.34,11.382,11.107,10.765,297428.24,260652.63,233580.87,2.62
2014-07-18,11.1,11.85,11.62,11.0,493813.31,0.45,4.03,11.248,11.033,10.697,282043.28,282774.83,227719.14,4.81
2014-07-17,11.34,11.37,11.17,11.08,161818.39,-0.17,-1.5,11.106,10.927,10.632,240378.52,261773.54,211321.63,1.58
2014-07-16,11.1,11.5,11.34,11.05,328049.0,0.22,1.98,11.012,10.853,10.591,254839.93,266601.29,209419.41,3.2
2014-07-15,10.98,11.16,11.12,10.91,234819.02,0.13,1.18,10.88,10.761,10.555,229298.84,248132.58,198468.11,2.29
2014-07-14,10.93,11.17,10.99,10.9,191716.69,0.08,0.73,10.832,10.686,10.528,223877.02,238014.62,197090.04,1.87
2014-07-11,10.67,11.1,10.91,10.65,285489.5,0.21,1.96,10.818,10.629,10.519,283506.37,238110.23,212214.95,2.78
2014-07-10,10.59,10.84,10.7,10.42,234125.45,0.02,0.19,10.748,10.57,10.534,283168.56,228552.19,204261.94,2.28
2014-07-09,10.86,10.87,10.68,10.66,200343.52,-0.2,-1.84,10.694,10.526,10.557,278362.64,221897.57,200866.71,1.95
2014-07-08,10.9,10.94,10.88,10.74,207709.94,-0.04,-0.37,10.642,10.474,10.596,266966.33,218789.2,197818.38,2.02
2014-07-07,10.56,11.01,10.92,10.54,489863.44,0.36,3.41,10.54,10.422,10.626,252152.22,206509.11,200068.53,4.77
2014-07-04,10.44,10.63,10.56,10.43,283800.47,0.13,1.25,10.44,10.361,10.647,192714.08,172663.45,187012.01,2.77
2014-07-03,10.38,10.44,10.43,10.35,210095.83,0.01,0.1,10.392,10.336,10.67,173935.82,160869.71,180076.96,2.05
2014-07-02,10.38,10.42,10.42,10.31,143361.97,0.05,0.48,10.358,10.329,11.01,165432.5,152237.54,175066.83,1.4
2014-07-01,10.42,10.46,10.37,10.32,133639.38,-0.05,-0.48,10.306,10.348,11.332,170612.07,148803.64,176137.41,1.3
2014-06-30,10.3,10.52,10.42,10.29,192672.77,0.1,0.97,10.304,10.37,11.683,160866.01,156165.47,175074.55,1.88
2014-06-27,10.26,10.39,10.32,10.22,189909.16,0.06,0.58,10.282,10.409,12.046,152612.82,186319.67,172598.17,1.85
2014-06-26,10.18,10.3,10.26,10.15,167579.2,0.1,0.98,10.28,10.497,12.421,147803.61,179971.69,169529.93,1.63
2014-06-25,10.36,10.37,10.16,10.11,169259.83,-0.2,-1.93,10.3,10.587,12.809,139042.58,179835.86,166368.56,1.65
2014-06-24,10.33,10.41,10.36,10.27,84909.08,0.05,0.48,10.39,10.717,13.195,126995.21,176847.57,162817.51,0.83
2014-06-23,10.32,10.44,10.31,10.29,151406.84,0.0,0.0,10.436,10.83,13.569,151464.93,193627.96,166826.82,1.48
2014-06-20,10.35,10.44,10.31,10.25,165863.08,-0.05,-0.48,10.536,10.932,13.95,220026.51,201360.56,174484.25,1.62
2014-06-19,10.62,10.66,10.36,10.28,123774.08,-0.25,-2.36,10.714,11.003,14.282,212139.78,199284.2,175274.56,1.21
2014-06-18,10.58,10.69,10.61,10.57,109022.97,0.02,0.19,10.874,11.69,14.597,220629.13,197896.12,174436.34,1.06
2014-06-17,10.75,10.77,10.59,10.56,207257.66,-0.22,-2.04,11.044,12.315,14.878,226699.92,203471.17,172072.42,2.02
2014-06-16,11.18,11.22,10.81,10.66,494214.78,-0.39,-3.48,11.224,12.995,15.168,235790.99,193983.63,165482.39,4.82
2014-06-13,11.1,11.28,11.2,11.06,126429.42,0.04,0.36,11.328,13.682,15.461,182694.61,158876.67,145401.55,1.23
2014-06-12,11.38,11.45,11.16,11.04,166220.84,-0.3,-2.62,11.292,14.344,15.725,186428.62,159088.17,144508.45,1.62
2014-06-11,11.41,11.65,11.46,11.33,139376.91,-0.03,-0.26,12.506,15.031,16.011,175163.1,152901.27,147716.79,1.36
2014-06-10,11.21,11.65,11.49,11.16,252712.98,0.16,1.41,13.586,15.672,16.263,180242.43,148787.46,149845.37,2.46
2014-06-09,10.92,11.48,11.33,10.89,228732.91,0.31,2.81,14.766,16.307,16.505,152176.27,140025.69,147007.08,2.23
2014-06-06,11.17,11.2,11.02,10.83,145099.48,-0.15,-1.34,16.036,16.967,16.733,135058.73,147607.93,139620.7,1.41
2014-06-05,16.78,17.25,17.23,16.75,109893.24,0.37,2.19,17.396,17.56,16.976,131747.72,151264.92,140212.58,1.61
2014-06-04,17.4,17.43,16.86,16.68,164773.52,-0.53,-3.05,17.556,17.504,16.904,130639.43,150976.56,140855.96,2.41
2014-06-03,17.6,18.02,17.39,17.31,112382.2,-0.29,-1.64,17.758,17.441,16.861,117332.49,140673.66,139011.69,1.64
2014-05-30,17.9,18.0,17.68,17.3,143145.19,-0.14,-0.79,17.848,17.341,16.79,127875.12,136981.14,142554.17,2.09
2014-05-29,18.13,18.42,17.82,17.82,128544.47,-0.21,-1.17,17.898,17.239,16.73,160157.14,131926.42,139586.46,1.88
2014-05-28,17.87,18.3,18.03,17.73,104351.78,0.16,0.9,17.724,17.106,16.661,170782.11,129928.72,141986.3,1.53
2014-05-27,17.72,18.17,17.87,17.7,98238.83,0.03,0.17,17.452,16.99,16.591,171313.68,142532.32,144683.39,1.44
2014-05-26,17.85,18.15,17.84,17.65,165095.31,-0.09,-0.5,17.124,16.854,16.558,164014.83,150903.27,146656.54,2.41
2014-05-23,16.95,17.95,17.93,16.95,304555.31,0.98,5.78,16.834,16.703,16.536,146087.17,153988.46,149092.28,4.45
2014-05-22,16.68,17.45,16.95,16.68,181669.31,0.28,1.68,16.58,16.499,16.497,103695.71,131633.48,141045.31,2.66
2014-05-21,16.24,16.68,16.67,16.12,107009.66,0.44,2.71,16.488,16.392,16.514,89075.33,129160.25,140763.13,1.56
2014-05-20,16.4,16.49,16.23,16.17,61744.57,-0.16,-0.98,16.528,16.303,16.53,113750.95,130735.36,146848.14,0.9
2014-05-19,16.53,16.6,16.39,16.16,75457.0,-0.27,-1.62,16.584,16.281,16.602,137791.72,137349.72,151127.1,1.1
2014-05-16,16.45,16.87,16.66,16.41,92598.0,0.17,1.03,16.572,16.238,16.675,161889.76,148127.2,155264.09,1.35
2014-05-15,16.77,16.77,16.49,16.45,108567.4,-0.38,-2.25,16.418,16.221,16.758,159571.24,147246.5,158109.67,1.59
2014-05-14,16.88,17.25,16.87,16.8,230387.8,0.36,2.18,16.296,16.215,16.84,169245.18,154043.89,160451.3,3.37
2014-05-13,16.33,16.76,16.51,16.2,181948.38,0.18,1.1,16.078,16.192,16.932,147719.77,146834.47,155446.93,2.66
2014-05-12,16.02,16.44,16.33,15.72,195947.2,0.39,2.45,15.978,16.261,17.036,136907.71,142409.8,157232.78,2.86
2014-05-09,15.85,15.94,15.89,15.6,81005.44,0.01,0.06,15.904,16.368,17.175,134364.64,144196.09,165559.83,1.18
2014-05-08,15.8,16.19,15.88,15.68,156937.06,0.1,0.63,16.024,16.494,17.346,134921.75,150457.15,169995.21,2.29
2014-05-07,15.9,16.11,15.78,15.75,122760.79,-0.23,-1.44,16.134,16.635,17.532,138842.6,152366.01,171021.0,1.79
2014-05-06,15.93,16.13,16.01,15.83,127888.08,0.05,0.31,16.306,16.757,17.704,145949.16,162960.92,173147.0,1.87
2014-05-05,16.3,16.31,15.96,15.78,183231.81,-0.53,-3.21,16.544,16.922,17.873,147911.88,164904.49,177816.55,2.68
2014-04-30,16.37,16.65,16.49,16.3,83790.99,0.06,0.36,16.832,17.112,18.072,154027.54,162400.98,191597.99,1.22
2014-04-29,16.59,16.6,16.43,16.08,176541.31,-0.21,-1.26,16.964,17.295,18.191,165992.55,168972.85,195778.0,2.58
2014-04-28,17.25,17.36,16.64,16.43,158293.62,-0.56,-3.26,17.136,17.465,18.312,165889.42,166858.71,199130.18,2.31
2014-04-25,17.6,17.66,17.2,17.15,137701.69,-0.2,-1.15,17.208,17.672,18.41,179972.69,164059.4,207882.17,2.01
2014-04-24,17.1,17.74,17.4,17.06,213810.08,0.25,1.46,17.3,17.81,18.475,181897.1,172055.77,215417.61,3.12
2014-04-23,17.18,17.36,17.15,16.98,143616.05,-0.14,-0.81,17.392,17.981,18.532,170774.42,186923.56,213997.43,2.1
2014-04-22,16.98,17.34,17.29,16.7,176025.66,0.29,1.71,17.626,18.198,18.608,171953.14,189533.27,223371.52,2.57
2014-04-21,17.45,17.86,17.0,16.97,228709.95,-0.66,-3.74,17.794,18.428,18.706,167828.0,189676.0,240304.81,3.34
2014-04-18,17.75,17.86,17.66,17.32,147323.78,-0.2,-1.12,18.136,18.65,18.785,148146.11,183333.07,254396.4,2.15
2014-04-17,18.4,18.48,17.86,17.84,158196.64,-0.46,-2.51,18.32,18.824,18.746,162214.43,190728.6,260328.97,2.31
2014-04-16,18.15,18.5,18.32,17.97,149509.69,0.19,1.05,18.57,19.031,18.687,203072.71,220794.99,261317.01,2.19
2014-04-15,18.65,18.65,18.13,18.1,155399.94,-0.58,-3.1,18.77,19.086,18.605,207113.4,222583.16,263858.4,2.27
2014-04-14,18.5,18.79,18.71,18.44,130300.49,0.13,0.7,19.062,19.159,18.559,211523.99,231401.65,266023.81,1.9
2014-04-11,18.82,18.87,18.58,18.39,217665.41,-0.53,-2.77,19.164,19.147,18.464,218520.03,251704.95,267656.36,3.18
2014-04-10,19.28,19.29,19.11,18.49,362488.03,-0.21,-1.09,19.328,19.139,18.376,219242.77,258779.45,270343.16,5.3
2014-04-09,19.56,19.84,19.32,19.16,169713.12,-0.27,-1.38,19.492,19.083,18.253,238517.28,241071.3,272543.88,2.48
2014-04-08,19.12,19.76,19.59,19.03,177452.91,0.37,1.93,19.402,19.017,18.074,238052.91,257209.78,275740.04,2.59
2014-04-04,19.25,19.54,19.22,19.08,165280.7,-0.18,-0.93,19.256,18.984,17.862,251279.3,290933.62,273987.82,2.42
2014-04-03,19.96,20.01,19.4,19.32,221279.09,-0.53,-2.66,19.13,18.919,17.7,284889.87,325459.74,275057.61,3.23
2014-04-02,18.92,20.23,19.93,18.92,458860.56,1.06,5.62,18.95,18.667,17.547,298316.13,329929.34,284330.56,6.71
2014-04-01,18.71,19.07,18.87,18.51,167391.31,0.01,0.05,18.674,18.343,17.321,243625.32,301839.03,268280.06,2.45
2014-03-31,18.68,18.95,18.86,18.0,243584.84,0.27,1.45,18.632,18.124,17.165,276366.64,305133.64,270733.76,3.56
2014-03-28,18.56,19.34,18.59,18.4,333333.53,0.09,0.49,18.712,17.959,16.998,330587.94,300645.97,267219.79,4.87
2014-03-27,18.4,19.2,18.5,18.16,288410.41,-0.05,-0.27,18.708,17.78,16.861,366029.61,283607.77,257510.13,4.21
2014-03-26,18.7,18.84,18.55,18.25,185406.53,-0.11,-0.59,18.384,17.613,16.713,361542.56,281906.87,249870.41,2.71
2014-03-25,18.92,19.33,18.66,18.4,331097.88,-0.6,-3.12,18.012,17.422,16.576,360052.74,304016.46,247403.31,4.84
2014-03-24,18.7,19.48,19.26,18.12,514691.34,0.69,3.72,17.616,17.131,16.424,333900.64,294270.31,240050.3,7.52
2014-03-21,16.6,18.57,18.57,16.6,510541.88,1.69,10.01,17.206,16.739,16.247,270703.99,257042.02,232212.82,7.46
2014-03-20,16.98,17.6,16.88,16.86,265975.16,0.19,1.14,16.852,16.48,16.174,201185.93,224655.48,218319.54,3.89
2014-03-19,16.65,16.78,16.69,16.13,177957.45,0.01,0.06,16.842,16.427,16.214,202271.18,238731.77,211371.43,2.6
2014-03-18,17.3,17.35,16.68,16.61,200337.39,-0.53,-3.08,16.832,16.299,16.273,247980.18,234721.09,210063.69,2.93
2014-03-17,16.9,17.3,17.21,16.8,198708.08,0.41,2.44,16.646,16.205,16.322,254639.97,236333.88,207574.87,2.9
2014-03-14,16.62,17.15,16.8,16.58,162951.59,-0.03,-0.18,16.272,16.037,16.364,243380.05,233793.61,206199.94,2.38
2014-03-13,16.61,17.05,16.83,16.45,271401.38,0.19,1.14,16.108,15.941,16.434,248125.02,231412.49,205316.86,3.97
2014-03-12,15.7,16.88,16.64,15.61,406502.47,0.89,5.65,16.012,15.812,16.51,275192.36,217833.94,199103.7,5.94
2014-03-11,15.33,16.1,15.75,15.33,233636.31,0.41,2.67,15.766,15.73,16.617,221462.0,190790.16,183738.26,3.41
2014-03-10,15.81,15.91,15.34,15.23,142408.48,-0.64,-4.0,15.764,15.717,16.769,218027.79,185830.3,180964.14,2.08
2014-03-07,16.33,16.4,15.98,15.96,186676.44,-0.37,-2.26,15.802,15.755,16.947,224207.17,207383.61,181426.59,2.73
2014-03-06,15.41,16.63,16.35,15.29,406738.09,0.94,6.1,15.774,15.867,17.075,214699.97,211983.6,177803.43,5.94
2014-03-05,15.78,15.78,15.41,15.39,137850.66,-0.33,-2.1,15.612,16.0,17.182,160475.53,184011.1,160806.06,2.01
2014-03-04,15.82,16.04,15.74,15.5,216465.28,0.21,1.35,15.694,16.247,17.353,160118.32,185406.29,156534.32,3.16
2014-03-03,15.73,15.73,15.53,15.34,173305.38,-0.31,-1.96,15.67,16.438,17.511,153632.81,178815.87,149518.65,2.53
2014-02-28,15.65,15.87,15.84,15.52,139140.44,0.3,1.93,15.708,16.69,17.665,190560.05,178606.26,147537.4,2.03
2014-02-27,15.9,15.99,15.54,15.51,135615.88,-0.28,-1.77,15.96,16.926,17.831,209267.23,179221.22,151445.85,1.98
2014-02-26,15.6,15.84,15.82,15.5,136064.64,0.2,1.28,16.388,17.208,17.986,207546.67,180373.45,151138.9,1.99
2014-02-25,15.77,15.94,15.62,15.55,184037.69,-0.1,-0.64,16.8,17.504,18.141,210694.25,176686.36,157597.6,2.69
2014-02-24,16.67,16.67,15.72,15.71,357941.62,-1.38,-8.07,17.206,17.821,18.231,203998.94,176097.98,151960.92,5.23
2014-02-21,17.6,17.75,17.1,16.98,232676.34,-0.58,-3.28,17.672,18.139,18.305,166652.47,155469.56,136688.34,3.4
2014-02-20,17.9,18.18,17.68,17.65,127013.08,-0.2,-1.12,17.892,18.282,18.304,149175.21,143623.26,129539.23,1.86
2014-02-19,17.67,18.08,17.88,17.56,151802.52,0.23,1.3,18.028,18.364,18.285,153200.22,137601.02,128858.73,2.22
2014-02-18,18.08,18.12,17.65,17.61,150561.12,-0.4,-2.22,18.208,18.459,18.249,142678.48,127662.35,127455.79,2.2
2014-02-17,18.25,18.34,18.05,17.83,171209.3,-0.15,-0.82,18.436,18.583,18.238,148197.02,120221.42,126180.97,2.5
2014-02-14,18.31,18.47,18.2,18.06,145290.02,-0.16,-0.87,18.606,18.639,18.201,144286.65,116468.53,127047.11,2.12
2014-02-13,18.77,18.77,18.36,18.33,147138.16,-0.42,-2.24,18.672,18.736,18.198,138071.32,123670.48,123505.22,2.15
2014-02-12,18.79,18.9,18.78,18.62,99193.79,-0.01,-0.05,18.7,18.764,18.202,122001.82,121904.35,124555.27,1.45
2014-02-11,18.8,19.0,18.79,18.39,178153.84,-0.11,-0.58,18.71,18.778,18.172,112646.22,138508.84,131928.9,2.6
2014-02-10,18.55,18.97,18.9,18.41,151657.44,0.37,2.0,18.73,18.64,18.167,92245.82,127823.86,130706.56,2.22
2014-02-07,18.07,18.8,18.53,17.9,114213.38,0.03,0.16,18.672,18.47,18.177,88650.41,117907.11,130800.1,1.67
2014-01-30,18.7,18.83,18.5,18.3,66790.67,-0.33,-1.75,18.8,18.325,18.26,109269.64,115455.19,129515.52,0.98
2014-01-29,18.95,19.12,18.83,18.71,52415.78,-0.06,-0.32,18.828,18.205,18.362,121806.87,120116.45,130251.85,0.77
2014-01-28,18.71,19.03,18.89,18.62,76151.85,0.28,1.5,18.846,18.039,18.46,164371.45,127249.23,133263.78,1.11
2014-01-27,18.93,19.0,18.61,18.52,133680.38,-0.56,-2.92,18.55,17.893,18.525,163401.89,132140.51,134178.99,1.95
2014-01-24,18.51,19.75,19.17,18.41,217309.5,0.53,2.84,18.268,17.763,18.613,147163.81,137625.7,133343.38,3.18
2014-01-23,18.88,18.99,18.64,18.43,129476.85,-0.28,-1.48,17.85,17.659,18.652,121640.75,123339.95,128523.78,1.89
2014-01-22,17.44,19.03,18.92,17.36,265238.69,1.51,8.67,17.582,17.639,18.735,118426.02,127206.2,128360.12,3.88
2014-01-21,17.2,17.59,17.41,17.2,71304.01,0.21,1.22,17.232,17.565,18.798,90127.0,125348.97,120018.92,1.04
2014-01-20,17.08,17.27,17.2,16.94,52489.98,0.12,0.7,17.236,17.693,18.93,100879.13,133589.26,121171.48,0.77
2014-01-17,17.23,17.44,17.08,17.06,89694.22,-0.22,-1.27,17.258,17.884,19.072,128087.59,143693.09,123422.01,1.31
2014-01-16,17.15,17.52,17.3,17.08,113403.19,0.13,0.76,17.468,18.195,19.245,125039.15,143575.85,124781.05,1.66
2014-01-15,17.43,17.44,17.17,16.96,123743.58,-0.26,-1.49,17.696,18.519,19.432,135986.37,140387.25,122385.06,1.81
2014-01-14,17.28,17.48,17.43,17.17,125064.7,0.12,0.69,17.898,18.88,19.624,160570.94,139278.34,121616.47,1.83
2014-01-13,18.08,18.2,17.31,17.02,188532.25,-0.82,-4.52,18.15,19.157,19.825,166299.39,136217.48,119527.76,2.76
2014-01-10,18.19,18.3,18.13,18.03,74452.05,-0.31,-1.68,18.51,19.463,20.051,159298.6,129061.07,116605.49,1.09
2014-01-09,18.01,18.58,18.44,18.01,168139.28,0.26,1.43,18.922,19.645,20.222,162112.55,133707.6,116901.44,2.46
2014-01-08,18.72,18.9,18.18,17.8,246666.41,-0.51,-2.73,19.342,19.831,20.379,144788.12,129514.04,117025.67,3.6
2014-01-07,19.0,19.05,18.69,18.58,153706.98,-0.42,-2.2,19.862,20.03,20.553,117985.75,114688.88,110607.69,2.25
2014-01-06,20.14,20.15,19.11,19.01,153528.27,-1.08,-5.35,20.164,20.166,20.683,106135.57,108753.69,108569.9,2.24
2014-01-03,20.4,20.5,20.19,20.08,88521.83,-0.35,-1.7,20.416,20.259,20.803,98823.55,103150.93,107040.26,1.29
2014-01-02,20.58,20.79,20.54,20.41,81517.11,-0.24,-1.16,20.368,20.294,20.89,105302.64,105986.25,111266.99,1.19
2013-12-31,20.13,20.85,20.78,20.05,112654.55,0.58,2.87,20.32,20.345,20.946,114239.95,104382.87,117418.31,1.65
2013-12-30,20.43,20.5,20.2,20.1,94456.07,-0.17,-0.83,20.198,20.367,20.982,111392.01,103954.6,118850.06,1.38
2013-12-27,20.0,20.6,20.37,19.98,116968.17,0.42,2.1,20.168,20.493,21.023,111371.82,102838.03,123550.0,1.71
2013-12-26,20.22,20.27,19.95,19.89,120917.32,-0.35,-1.72,20.102,20.639,21.101,107478.3,104149.91,122492.33,1.77
2013-12-25,20.11,20.38,20.3,19.8,126203.66,0.13,0.65,20.22,20.799,21.208,106669.86,100095.29,125262.36,1.84
2013-12-24,20.04,20.57,20.17,20.0,98414.85,0.12,0.6,20.37,20.926,21.275,94525.79,104537.3,126106.02,1.44
2013-12-23,20.05,20.18,20.05,19.63,94355.08,0.01,0.05,20.536,21.075,21.353,96517.18,106526.49,124962.64,1.38
2013-12-20,20.54,20.64,20.04,19.98,97500.61,-0.5,-2.43,20.818,21.2,21.449,94304.25,108386.1,127011.18,1.42
2013-12-19,21.1,21.19,20.54,20.51,116875.11,-0.51,-2.42,21.176,21.347,21.538,100821.51,110929.6,128732.44,1.71
2013-12-18,21.07,21.18,21.05,20.99,65483.29,0.05,0.24,21.378,21.485,21.621,93520.71,116547.73,132433.89,0.96
2013-12-17,21.5,21.53,21.0,20.91,108371.81,-0.46,-2.14,21.482,21.546,21.725,114548.8,130453.75,132697.2,1.58
2013-12-16,21.98,22.06,21.46,21.43,83290.42,-0.37,-1.7,21.614,21.596,21.84,116535.81,133745.51,133735.64,1.22
2013-12-13,21.5,22.15,21.83,21.46,130086.92,0.28,1.3,21.582,21.553,21.931,122467.95,144261.96,137758.08,1.9
2013-12-12,21.55,21.86,21.55,21.49,80371.13,-0.02,-0.09,21.518,21.563,21.959,121037.69,140834.76,139428.02,1.17
2013-12-11,21.6,21.93,21.57,21.5,170623.73,-0.09,-0.42,21.592,21.616,21.982,139574.74,150429.43,139605.29,2.49
2013-12-10,21.35,21.7,21.66,21.35,118306.84,0.36,1.69,21.61,21.623,22.021,146358.7,147674.74,135278.98,1.73
2013-12-09,21.6,21.7,21.3,21.27,112951.15,-0.21,-0.98,21.578,21.631,22.063,150955.22,143398.79,134978.33,1.65
2013-12-06,21.83,22.04,21.51,21.48,122935.58,-0.41,-1.87,21.524,21.697,22.122,166055.97,145636.25,137802.95,1.8
2013-12-05,21.7,22.26,21.92,21.66,173056.39,0.26,1.2,21.608,21.728,22.216,160631.82,146535.29,136323.07,2.53
2013-12-04,21.5,22.03,21.66,21.27,204543.52,0.16,0.74,21.64,21.756,22.314,161284.12,148320.05,131418.69,2.99
2013-12-03,20.85,21.62,21.5,20.8,141289.45,0.47,2.23,21.636,21.903,22.43,148990.79,134940.64,126236.11,2.06
2013-12-02,21.5,21.8,21.03,20.95,188454.92,-0.9,-4.1,21.684,22.084,22.597,135842.36,133725.76,122712.68,2.75
2013-11-29,22.18,22.31,21.93,21.85,95814.84,-0.15,-0.68,21.87,22.308,22.785,125216.53,131254.2,118614.85,1.4
2013-11-28,21.79,22.33,22.08,21.61,176317.88,0.44,2.03,21.848,22.355,22.947,132438.76,138021.29,122781.49,2.58
2013-11-27,21.72,21.9,21.64,21.39,143076.84,-0.1,-0.46,21.872,22.348,23.073,135355.98,128781.16,133899.14,2.09
2013-11-26,21.87,22.04,21.74,21.66,75547.3,-0.22,-1.0,22.17,22.419,23.176,120890.5,122883.22,133928.25,1.1
2013-11-25,21.68,22.16,21.96,21.35,135325.8,0.14,0.64,22.484,22.495,23.263,131609.17,126557.88,136920.32,1.98
2013-11-22,22.23,22.32,21.82,21.77,131925.98,-0.38,-1.71,22.746,22.546,23.335,137291.88,129969.64,134817.7,1.93
2013-11-21,22.73,22.73,22.2,22.02,190903.98,-0.93,-4.02,22.862,22.704,23.455,143603.82,126110.84,136023.68,2.79
2013-11-20,23.44,23.65,23.13,22.98,70749.42,-0.18,-0.77,22.824,22.872,23.553,122206.34,114517.33,133326.85,1.03
2013-11-19,23.19,23.56,23.31,22.69,129140.69,0.04,0.17,22.668,22.956,23.609,124875.94,117531.58,141571.89,1.89
2013-11-18,22.4,23.4,23.27,22.1,163739.31,0.87,3.88,22.506,23.109,23.61,121506.58,111699.59,139198.63,2.39
2013-11-15,21.9,23.07,22.4,21.82,163485.7,0.39,1.77,22.346,23.262,23.625,122647.41,105975.5,136677.36,2.39
2013-11-14,22.35,22.48,22.01,21.88,83916.56,-0.34,-1.52,22.546,23.539,23.667,108617.87,107541.69,134189.64,1.23
2013-11-13,22.58,22.64,22.35,22.28,84097.45,-0.15,-0.67,22.92,23.798,23.72,106828.32,139017.12,136618.86,1.23
2013-11-12,22.29,22.67,22.5,22.02,112293.87,0.03,0.13,23.244,23.932,23.777,110187.22,144973.27,139667.12,1.64
2013-11-11,23.4,23.4,22.47,21.52,169443.47,-0.93,-3.97,23.712,24.031,23.864,101892.59,147282.76,140036.45,2.48
2013-11-08,23.98,24.36,23.4,23.38,93337.98,-0.48,-2.01,24.178,24.124,23.949,89303.6,139665.75,141916.2,1.36
2013-11-07,23.83,24.27,23.88,23.78,74968.84,-0.09,-0.38,24.532,24.205,24.029,106465.51,145936.51,145110.46,1.1
2013-11-06,24.65,24.65,23.97,23.8,100891.96,-0.87,-3.5,24.676,24.234,24.092,171205.91,152136.37,149113.05,1.47
2013-11-05,24.65,24.85,24.84,24.1,70820.71,0.04,0.16,24.62,24.261,24.144,179759.32,165612.21,153167.76,1.03
2013-11-04,25.02,25.24,24.8,24.7,106498.5,-0.37,-1.47,24.35,24.11,24.181,192672.93,166697.67,162795.82,1.56
2013-11-01,24.55,25.33,25.17,24.32,179147.56,0.57,2.32,24.07,23.988,24.141,190027.9,167379.21,162454.81,2.62
2013-10-31,24.6,25.68,24.6,24.51,398670.81,0.91,3.84,23.878,23.795,24.063,185407.51,160837.6,160084.31,5.83
2013-10-30,23.5,23.84,23.69,23.01,143659.02,0.2,0.85,23.792,23.642,24.027,133066.84,134220.6,148199.91,2.1
2013-10-29,23.27,24.24,23.49,22.9,135388.77,0.09,0.39,23.902,23.622,24.068,151465.09,134360.98,151243.94,1.98
2013-10-28,24.39,24.48,23.4,23.23,93273.32,-0.81,-3.35,23.87,23.696,24.134,140722.4,132790.13,156026.47,1.36
2013-10-25,24.24,24.85,24.21,24.18,156045.64,0.04,0.17,23.906,23.773,24.243,144730.53,144166.66,158868.62,2.28
2013-10-24,23.8,24.85,24.17,23.6,136967.44,-0.07,-0.29,23.712,23.852,24.32,136267.68,144284.41,165879.69,2.0
2013-10-23,23.65,24.49,24.24,23.41,235650.3,0.91,3.9,23.492,23.95,24.381,135374.36,146089.73,184223.0,3.44
2013-10-22,23.43,23.85,23.33,23.27,81675.3,-0.25,-1.06,23.342,24.026,24.579,117256.86,140723.31,180149.21,1.19
2013-10-21,23.21,23.77,23.58,22.81,113313.96,0.34,1.46,23.522,24.251,24.847,124857.86,158893.97,181243.58,1.66
2013-10-18,23.18,23.45,23.24,22.81,113731.39,0.17,0.74,23.64,24.293,25.09,143602.79,157530.4,186343.37,1.66
2013-10-17,23.6,23.85,23.07,23.01,132500.84,-0.42,-1.79,23.992,24.33,25.301,152301.15,159331.03,186721.97,1.94
2013-10-16,24.22,24.29,23.49,23.3,145062.81,-0.74,-3.05,24.408,24.412,25.493,156805.11,162179.22,193452.74,2.12
2013-10-15,24.06,24.39,24.23,23.76,119680.28,0.06,0.25,24.71,24.513,25.606,164189.76,168126.91,192375.71,1.75
2013-10-14,24.99,24.99,24.17,24.1,207038.62,-0.83,-3.32,24.98,24.571,25.634,192930.08,179262.8,195090.57,3.03
2013-10-11,25.43,25.43,25.0,24.78,157223.2,-0.15,-0.6,24.946,24.712,25.739,171458.01,173570.58,189757.55,2.3
2013-10-10,25.0,25.5,25.15,24.7,155020.64,0.15,0.6,24.668,24.788,25.814,166360.9,187474.97,187459.87,2.27
2013-10-09,25.21,25.47,25.0,24.68,181986.05,-0.58,-2.27,24.416,24.811,25.87,167553.33,222356.27,188103.95,2.66
2013-10-08,24.01,25.58,25.58,23.65,263381.88,1.58,6.58,24.316,25.131,25.942,172064.06,219575.11,187123.96,3.85
2013-09-30,23.66,24.12,24.0,23.51,99678.3,0.39,1.65,24.162,25.443,25.913,165595.53,203593.19,181091.9,1.46
2013-09-27,23.96,24.11,23.61,23.4,131737.64,-0.28,-1.17,24.478,25.887,25.97,175683.15,215156.34,188998.12,1.93
2013-09-26,24.53,24.87,23.89,23.86,160982.8,-0.61,-2.49,24.908,26.272,26.137,208589.04,214112.92,187953.23,2.35
2013-09-25,24.83,25.1,24.5,24.38,204539.67,-0.31,-1.25,25.206,26.574,26.323,277159.21,224726.26,189037.66,2.99
2013-09-24,25.42,25.42,24.81,24.65,231039.23,-0.77,-3.01,25.946,26.699,26.482,267086.16,216624.51,187018.67,3.38
2013-09-23,25.8,25.87,25.58,24.7,150116.42,-0.18,-0.7,26.724,26.697,26.633,241590.84,210918.34,183932.07,2.19
2013-09-18,25.2,25.87,25.76,24.52,296267.09,0.38,1.5,27.296,26.766,26.732,254629.53,205944.51,184535.86,4.33
2013-09-17,27.8,27.8,25.38,25.38,503833.62,-2.82,-10.0,27.636,26.84,26.846,219636.8,187444.76,186741.52,7.36
2013-08-06,28.51,28.59,28.2,27.63,154174.42,-0.5,-1.74,27.942,26.928,26.917,172293.31,153851.63,171975.98,2.25
2013-08-05,28.01,28.8,28.7,27.72,103562.67,0.26,0.91,27.452,26.753,26.738,166162.86,154672.81,169399.01,1.51
2013-08-02,28.25,29.66,28.44,28.25,215309.84,0.98,3.57,26.67,26.383,26.578,180245.83,158590.62,173845.19,3.15
2013-08-01,26.9,27.88,27.46,26.9,121303.43,0.55,2.04,26.236,26.052,26.422,157259.49,162839.91,177032.23,1.77
2013-07-31,28.0,28.33,26.91,26.66,267116.19,1.16,4.5,26.044,26.001,26.259,155252.73,161793.54,180814.64,3.9
2013-07-30,24.73,26.04,25.75,24.73,123522.15,0.96,3.87,25.914,26.072,26.064,135409.95,153349.05,175724.07,1.81
2013-07-29,25.89,25.89,24.79,24.61,173977.55,-1.48,-5.63,26.054,26.264,25.977,143182.76,157412.84,176377.89,2.54
2013-07-26,26.6,27.05,26.27,26.13,100378.14,-0.23,-0.87,26.096,26.568,25.962,136935.41,156945.81,173877.83,1.47
2013-07-25,26.25,26.68,26.5,26.06,111269.62,0.24,0.91,25.868,26.697,25.862,168420.32,163127.22,181224.63,1.63
2013-07-24,26.06,26.51,26.26,25.35,167902.31,-0.19,-0.72,25.958,26.852,25.674,168334.35,186038.27,183833.39,2.45
2013-07-23,25.08,26.58,26.45,25.08,162386.17,1.45,5.8,26.23,26.906,25.474,171288.15,190100.33,184610.97,2.37
2013-07-22,24.98,25.42,25.0,24.64,142740.8,-0.13,-0.52,26.474,26.722,25.237,171642.92,184125.21,187647.86,2.09
2013-07-19,27.0,27.27,25.13,25.01,257802.7,-1.82,-6.75,27.04,26.772,25.09,176956.2,189099.75,193147.43,3.77
2013-07-18,27.6,27.9,26.95,26.9,110839.77,-0.67,-2.43,27.526,26.792,25.058,157834.12,191224.56,185937.46,1.62
2013-07-17,27.22,28.48,27.62,26.68,182671.31,-0.05,-0.18,27.746,26.517,24.924,203742.19,199835.74,185838.17,2.67
2013-07-16,27.51,27.88,27.67,26.5,164160.02,-0.16,-0.57,27.582,26.055,24.79,208912.5,198099.09,181771.89,2.4
2013-07-15,27.59,28.45,27.83,26.73,169307.22,0.27,0.98,26.97,25.69,24.67,196607.5,195342.93,179536.72,2.47
2013-07-12,28.05,28.69,27.56,27.28,162192.27,-0.49,-1.75,26.504,25.355,24.513,201243.3,190809.85,182765.02,2.37
2013-07-11,27.2,28.57,28.05,27.0,340380.12,1.25,4.66,26.058,25.027,24.402,224615.0,199322.05,180594.2,4.97
2013-07-10,25.46,26.8,26.8,25.0,208522.88,2.19,8.9,25.288,24.495,24.262,195929.29,181628.52,171344.9,3.05
2013-07-09,25.35,25.81,24.61,24.35,102635.0,-0.89,-3.49,24.528,24.041,24.266,187285.67,179121.61,167965.34,1.5
2013-07-08,25.06,26.45,25.5,24.81,192486.23,0.17,0.67,24.41,23.752,24.419,194078.37,191170.52,171941.24,2.81
2013-07-05,25.11,26.62,25.33,25.11,279050.75,1.13,4.67,24.206,23.407,24.597,180376.39,197195.11,166722.03,4.08
2013-07-04,22.83,24.56,24.2,22.5,196951.59,1.2,5.22,23.996,23.324,24.761,174029.1,180650.37,158804.3,2.88
2013-07-03,23.87,23.87,23.0,22.42,165304.8,-1.02,-4.25,23.702,23.331,24.998,167327.75,171840.61,153848.81,2.42
2013-07-02,24.21,24.58,24.02,23.65,136598.47,-0.46,-1.88,23.554,23.525,25.278,170957.55,165444.7,151683.24,2.0
2013-07-01,23.78,24.6,24.48,23.29,123976.36,0.2,0.82,23.094,23.65,25.59,188262.67,163730.5,148482.4,1.81
2013-06-28,23.26,25.0,24.28,23.2,247314.3,1.55,6.82,22.608,23.671,25.875,214013.83,174720.2,148092.06,3.61
2013-06-27,22.36,23.5,22.73,22.35,163444.83,0.47,2.11,22.652,23.777,26.176,187271.64,161866.34,145783.18,2.39
2013-06-26,22.01,22.48,22.26,21.58,183453.77,0.54,2.49,22.96,24.028,26.464,176353.46,161061.27,143290.27,2.68
2013-06-25,21.51,22.1,21.72,19.9,223124.08,-0.33,-1.5,23.496,24.49,26.785,159931.85,156809.07,139570.13,3.26
2013-06-24,24.48,24.48,22.05,22.05,252732.19,-2.45,-10.0,24.206,25.086,27.136,139198.34,152711.97,136464.65,3.69
2013-06-21,23.8,24.78,24.5,23.59,113603.33,0.23,0.95,24.734,25.786,27.513,135426.56,136248.94,130469.31,1.66
2013-06-20,24.75,25.34,24.27,24.21,108853.95,-0.67,-2.69,24.902,26.198,27.735,136461.05,136958.23,130165.65,1.59
2013-06-19,25.18,25.18,24.94,24.27,101345.68,-0.33,-1.31,25.096,26.664,27.936,145769.07,135857.0,134467.96,1.48
2013-06-18,24.85,25.27,25.27,24.69,119456.55,0.58,2.35,25.484,27.03,28.14,153686.3,137921.79,139494.64,1.75
2013-06-17,25.38,25.48,24.69,24.0,233873.27,-0.65,-2.56,25.966,27.53,28.292,166225.6,133234.29,141828.53,3.42
2013-06-14,25.38,25.65,25.34,25.12,118775.78,0.1,0.4,26.838,28.079,28.376,137071.33,121463.92,133689.24,1.74
2013-06-13,26.3,26.3,25.24,24.8,155394.09,-1.64,-6.1,27.494,28.574,28.423,137455.42,129700.03,133057.61,2.27
2013-06-07,27.68,27.8,26.88,26.63,140931.8,-0.8,-2.89,28.232,28.9,28.497,125944.93,125519.28,128461.57,2.06
2013-06-06,28.8,29.08,27.68,27.46,182153.05,-1.37,-4.72,28.576,29.079,28.507,122157.28,122331.19,125337.41,2.66
2013-06-05,28.53,29.05,29.05,28.26,88101.92,0.43,1.5,29.094,29.186,28.472,100242.99,120217.34,121672.63,1.29
2013-06-04,28.95,29.4,28.62,28.26,120696.25,-0.31,-1.07,29.32,29.239,28.402,105856.5,124689.68,121145.2,1.76
2013-06-03,28.9,29.67,28.93,28.8,97841.64,0.33,1.15,29.654,29.272,28.357,121944.63,123373.07,120616.04,1.43
2013-05-31,30.28,30.48,28.6,28.6,121993.52,-1.67,-5.52,29.568,29.207,28.26,125093.63,133078.92,120007.28,1.78
2013-05-30,29.99,30.41,30.27,29.8,72581.61,0.09,0.3,29.582,29.25,28.177,122505.11,141067.5,120212.77,1.06
2013-05-29,30.29,30.8,30.18,29.81,116169.49,-0.11,-0.36,29.278,29.053,27.964,140191.69,150422.77,121617.93,1.7
2013-05-28,28.32,30.29,30.29,28.2,201136.89,1.79,6.28,29.158,28.673,27.726,143522.87,145914.57,120237.8,2.94
2013-05-27,28.2,28.76,28.5,27.8,113586.62,-0.17,-0.59,28.89,28.272,27.467,124801.51,136415.2,122193.15,1.66
2013-05-24,28.77,29.2,28.67,28.17,109050.93,-0.08,-0.28,28.846,28.094,27.392,141064.21,131403.85,122961.56,1.59
2013-05-23,29.4,30.0,28.75,28.5,161014.53,-0.83,-2.81,28.918,27.934,27.355,159629.88,128343.62,126102.89,2.35
2013-05-22,28.65,29.92,29.58,28.5,132825.36,0.93,3.25,28.828,27.758,27.292,160653.86,123127.92,123729.51,1.94
2013-05-21,28.07,29.1,28.95,28.0,107530.13,0.67,2.37,28.188,27.564,27.187,148306.27,117600.71,125443.14,1.57
2013-05-20,29.11,29.8,28.28,28.1,194900.12,-0.75,-2.58,27.654,27.441,27.11,148028.88,117859.02,130256.02,2.85
2013-05-17,28.25,29.5,29.03,28.01,201879.28,0.73,2.58,27.342,27.313,27.009,121743.5,106935.65,126683.5,2.95
2013-05-16,26.31,28.3,28.3,26.09,166134.39,1.92,7.28,26.95,27.104,26.827,97057.36,99358.04,119960.58,2.43
2013-05-15,26.25,26.68,26.38,25.9,71087.44,0.1,0.38,26.688,26.874,26.698,85601.98,92813.09,117136.9,1.04
2013-05-14,26.76,26.86,26.28,25.78,106143.16,-0.44,-1.65,26.94,26.778,26.657,86895.15,94561.02,121144.38,1.55
2013-05-13,27.2,27.35,26.72,26.43,63473.21,-0.35,-1.29,27.228,26.662,26.604,87689.16,107971.11,119966.5,0.93
2013-05-10,26.65,27.53,27.07,26.5,78448.59,0.08,0.3,27.284,26.69,26.507,92127.8,114519.27,120914.83,1.15
2013-05-09,27.64,27.94,26.99,26.55,108857.49,-0.65,-2.35,27.258,26.775,26.408,101658.73,123862.16,122083.37,1.59
2013-05-08,28.07,28.44,27.64,27.48,77553.29,-0.08,-0.29,27.06,26.826,26.336,100024.2,124331.11,123850.91,1.13
2013-05-07,26.8,27.85,27.72,26.62,110113.2,0.72,2.67,26.616,26.81,26.189,102226.9,133285.57,126695.68,1.61
2013-05-06,27.15,27.29,27.0,26.55,85666.44,0.06,0.22,26.096,26.778,25.983,128253.06,142653.03,128033.13,1.25
2013-05-03,26.2,27.61,26.94,25.85,126103.22,0.94,3.62,26.096,26.705,25.859,136910.74,146431.36,132554.63,1.84
2013-05-02,25.2,26.22,26.0,24.73,100684.85,0.58,2.28,26.292,26.549,25.785,146065.58,140563.11,132118.27,1.47
2013-04-26,25.31,26.04,25.42,25.1,88566.78,0.3,1.19,26.592,26.521,25.753,148638.01,141460.72,136729.24,1.29
2013-04-25,26.3,26.3,25.12,24.7,240244.03,-1.88,-6.96,27.004,26.536,25.745,164344.24,147727.74,137240.81,3.51
2013-04-22,27.52,27.85,27.0,26.82,128954.8,-0.92,-3.29,27.46,26.545,25.731,157052.99,131961.9,129587.72,1.88
2013-04-19,27.78,28.15,27.92,27.25,171877.45,0.42,1.53,27.314,26.323,25.622,155951.97,127310.39,128821.05,2.51
2013-04-18,27.33,28.15,27.5,27.03,113547.0,0.02,0.07,26.806,26.041,25.481,135060.64,120304.58,131741.36,1.66
2013-04-17,27.41,27.77,27.48,26.8,167097.92,0.08,0.29,26.45,25.846,25.328,134283.42,123370.71,133611.39,2.44
2013-04-16,26.1,27.6,27.4,26.0,203787.78,1.13,4.3,26.068,25.568,25.115,131111.23,120105.79,131533.83,2.98
2013-04-15,25.52,26.65,26.27,25.31,123449.72,0.89,3.51,25.63,25.187,24.89,106870.81,113413.24,132368.84,1.8
2013-04-12,25.63,26.3,25.38,25.22,67420.77,-0.34,-1.32,25.332,25.013,24.779,98668.8,118677.9,130951.5,0.99
2013-04-11,25.98,26.25,25.72,25.69,109660.93,0.15,0.59,25.276,25.02,24.716,105548.52,123673.43,135476.63,1.6
2013-04-10,25.71,26.15,25.57,25.45,151236.97,0.36,1.43,25.242,24.984,24.68,112458.0,131997.77,137394.18,2.21
2013-04-09,24.85,25.6,25.21,24.85,82585.65,0.43,1.74,25.068,24.953,24.646,109100.34,126753.88,135949.3,1.21
2013-04-08,24.35,25.06,24.78,24.01,82439.68,-0.32,-1.27,24.744,24.917,24.618,119955.67,127213.55,137154.31,1.2
2013-04-03,25.55,25.94,25.1,24.95,101819.36,-0.45,-1.76,24.694,24.92,24.634,138687.0,130331.72,143152.32,1.49
2013-04-02,24.75,25.85,25.55,24.75,144208.33,0.85,3.44,24.764,24.92,24.625,141798.34,143178.14,151081.15,2.11
2013-04-01,23.85,24.98,24.7,23.8,134448.69,1.11,4.71,24.726,24.809,24.605,151537.55,143852.06,164330.69,1.96
2013-03-29,24.53,24.76,23.59,23.48,136862.3,-0.94,-3.83,24.838,24.661,24.638,144407.43,142961.88,168757.7,2.0
2013-03-28,25.0,25.01,24.53,24.18,176096.33,-0.92,-3.62,25.09,24.592,24.867,134471.42,151324.44,169412.47,2.57
2013-03-27,25.38,26.2,25.45,25.15,117376.05,0.09,0.35,25.146,24.544,25.043,121976.43,143225.11,175676.79,1.72
2013-03-26,25.2,26.58,25.36,25.13,192904.36,0.1,0.4,25.076,24.411,25.122,144557.94,147279.82,182139.78,2.82
2013-03-25,24.87,25.5,25.26,24.8,98798.09,0.41,1.65,24.892,24.375,25.136,136166.58,142790.58,178554.06,1.44
2013-03-22,24.8,25.07,24.85,24.37,87182.27,0.04,0.16,24.484,24.339,25.168,141516.32,145144.72,182295.27,1.27
2013-03-21,25.11,25.25,24.81,24.55,113621.38,-0.29,-1.16,24.094,24.318,25.232,168177.46,147095.08,187371.11,1.66
2013-03-20,24.44,25.45,25.1,24.44,230283.59,0.66,2.7,23.942,24.348,25.309,164473.78,155972.92,196029.74,3.37
2013-03-19,23.18,24.48,24.44,23.16,150947.58,1.22,5.25,23.746,24.33,25.372,150001.71,158984.16,195236.58,2.21
2013-03-18,22.9,23.41,23.22,22.88,125546.8,0.32,1.4,23.858,24.4,25.426,149414.58,184809.31,201305.64,1.83
2013-03-15,23.9,24.1,22.9,22.63,220487.94,-1.15,-4.78,24.194,24.614,25.609,148773.12,194553.53,204839.49,3.22
2013-03-14,23.97,24.35,24.05,23.68,95103.01,-0.07,-0.29,24.542,25.142,25.827,126012.7,187500.5,201102.21,1.39
2013-03-13,24.99,25.0,24.12,23.9,157923.22,-0.88,-3.52,24.754,25.542,25.985,147472.07,208128.47,206201.78,2.31
2013-03-12,24.85,25.47,25.0,24.73,148011.91,0.1,0.4,24.914,25.832,26.162,167966.61,216999.73,205594.53,2.16
2013-03-11,24.67,25.22,24.9,24.57,122339.51,0.26,1.05,24.942,25.897,26.335,220204.05,214317.55,212524.35,1.79
2013-03-08,25.2,25.3,24.64,24.62,106685.86,-0.47,-1.87,25.034,25.997,26.463,240333.95,219445.83,220383.43,1.56
2013-03-07,24.8,25.4,25.11,24.22,202399.83,0.19,0.76,25.742,26.146,26.64,248988.3,227647.13,230682.49,2.96
2013-03-06,24.99,25.64,24.92,24.65,260395.95,-0.22,-0.88,26.33,26.269,26.813,268784.87,236086.56,233392.74,3.81
2013-03-05,24.48,25.2,25.14,24.05,409199.09,-0.22,-0.87,26.75,26.414,27.087,266032.84,231488.99,230775.49,5.98
2013-03-04,25.8,25.8,25.36,25.36,222989.0,-2.82,-10.01,26.852,26.452,27.302,208431.05,217801.97,219994.92,3.26
2013-03-01,28.04,28.38,28.18,27.74,149957.61,0.13,0.46,26.96,26.603,27.499,198557.7,215125.44,215606.29,2.19
2013-02-28,27.1,28.3,28.05,27.1,301382.69,1.03,3.81,26.55,26.511,27.491,206305.97,214703.92,215831.74,4.4
2013-02-27,25.75,27.2,27.02,25.72,246635.83,1.37,5.34,26.208,26.427,27.539,203388.25,204275.1,211778.69,3.6
2013-02-26,25.59,26.46,25.65,25.51,121190.12,-0.25,-0.96,26.078,26.492,27.688,196945.14,194189.34,207458.36,1.77
2013-02-25,26.17,26.55,25.9,25.49,173622.27,-0.23,-0.88,26.052,26.772,27.892,227172.89,210731.15,209999.57,2.54
2013-02-22,26.3,26.92,26.13,26.0,188698.92,-0.21,-0.8,26.246,26.928,28.098,231693.18,221321.04,212266.49,2.76
2013-02-21,26.3,26.95,26.34,25.76,286794.12,-0.03,-0.11,26.472,27.133,28.337,223101.88,233717.85,212913.22,4.19
2013-02-20,25.52,26.48,26.37,25.5,214420.27,0.85,3.33,26.646,27.357,28.48,205161.94,230698.91,205691.41,3.13
2013-02-19,26.85,26.85,25.52,25.4,272328.88,-1.35,-5.02,26.906,27.759,28.61,191433.53,230061.99,203772.2,3.98
2013-02-18,27.51,27.55,26.87,26.8,196223.7,-0.39,-1.43,27.492,28.152,28.826,194289.4,222187.87,196896.12,2.87
2013-02-08,27.11,27.54,27.26,27.1,145742.42,0.05,0.18,27.61,28.394,28.987,210948.9,216087.14,198756.36,2.13
2013-02-07,27.55,27.55,27.21,26.9,197094.44,-0.46,-1.66,27.794,28.471,29.075,244333.82,216959.56,201799.28,2.88
2013-02-06,28.18,28.28,27.67,27.52,145778.22,-0.78,-2.74,28.068,28.65,29.224,256235.88,219282.29,200353.84,2.13
2013-02-05,27.4,28.6,28.45,27.01,286608.22,0.99,3.6,28.612,28.883,29.343,268690.45,220727.38,201659.78,4.19
2013-02-04,28.19,28.2,27.46,26.98,279521.19,-0.72,-2.56,28.812,29.012,29.39,250086.33,209268.0,197188.81,4.08
2013-02-01,28.58,28.88,28.18,27.72,312667.03,-0.4,-1.4,29.178,29.267,29.497,221225.37,203211.95,192614.79,4.57
2013-01-31,30.27,30.4,28.58,28.42,256604.75,-1.81,-5.96,29.148,29.54,29.575,189585.3,192108.58,185552.89,3.75
2013-01-30,29.49,30.39,30.39,29.48,208051.06,0.94,3.19,29.232,29.602,29.637,182328.7,180683.91,181112.15,3.04
2013-01-29,29.3,30.52,29.45,28.9,193587.64,0.16,0.55,29.154,29.46,29.587,172764.31,177482.41,179316.23,2.83
2013-01-28,27.96,29.29,29.29,27.9,135216.38,1.26,4.5,29.212,29.499,29.596,168449.67,171604.37,178296.84,1.98
2013-01-25,28.93,28.98,28.03,27.58,154466.69,-0.97,-3.35,29.356,29.58,29.62,185198.53,181425.59,181610.72,2.26
2013-01-24,29.94,30.85,29.0,28.7,220321.73,-1.0,-3.33,29.932,29.678,29.753,194631.86,186638.99,183872.72,3.22
2013-01-23,29.82,31.05,30.0,29.5,160229.09,0.26,0.87,29.972,29.798,29.821,179039.12,181425.39,180559.18,2.34
2013-01-22,29.94,30.26,29.74,28.83,172014.45,-0.27,-0.9,29.766,29.803,29.803,182200.52,182592.19,182592.19,2.51
2013-01-21,31.5,31.66,30.01,29.95,218960.67,-0.9,-2.91,29.786,29.81,29.81,174759.07,183767.49,183767.49,3.2
2013-01-18,29.36,30.91,30.91,29.2,201633.38,1.71,5.86,29.804,29.785,29.785,177652.65,179368.34,179368.34,2.95
2013-01-17,28.88,29.8,29.2,28.52,142358.03,0.23,0.79,29.424,29.624,29.624,178646.12,176187.62,176187.62,2.08
2013-01-16,29.31,29.7,28.97,28.39,176036.06,-0.87,-2.92,29.624,29.695,29.695,183811.65,181825.89,181825.89,2.57
2013-01-15,30.18,30.38,29.84,29.3,134807.2,-0.26,-0.86,29.84,29.84,29.84,182983.85,182983.85,182983.85,1.97
2013-01-14,28.9,30.3,30.1,28.7,233428.58,1.09,3.76,29.84,29.84,29.84,195028.02,195028.02,195028.02,3.41
2013-01-11,30.2,30.29,29.01,28.67,206600.73,-1.19,-3.94,29.753,29.753,29.753,182227.83,182227.83,182227.83,3.02
2013-01-10,30.26,30.78,30.2,29.88,168185.7,0.15,0.5,30.125,30.125,30.125,170041.38,170041.38,170041.38,2.46
2013-01-09,29.81,30.15,30.05,29.4,171897.06,0.06,0.2,30.05,30.05,30.05,171897.06,171897.06,171897.06,2.51
