date,open,high,close,low,volume,price_change,p_change,ma5,ma10,ma20,v_ma5,v_ma10,v_ma20,turnover
2016-01-08,124.0,128.5,114.0,113.56,97536.43,-12.18,-9.65,125.374,132.571,106.11,77764.19,65854.29,33538.53,46.74
2016-01-07,136.02,137.99,126.18,126.18,27918.05,-14.02,-10.0,128.134,132.955,102.682,76883.99,56347.24,28664.39,13.38
2016-01-06,121.99,140.2,140.2,121.11,111840.91,12.75,10.0,131.298,131.05,98.438,101988.52,53864.68,27285.14,53.59
2016-01-05,114.0,129.95,127.45,112.1,82785.93,8.41,7.07,134.626,126.769,96.239,80657.82,42945.25,22834.83,39.67
2016-01-04,121.5,134.44,119.04,118.01,68739.65,-8.76,-6.85,137.652,122.878,94.506,65835.02,34785.41,19504.22,32.94
2015-12-31,136.0,137.92,127.8,127.8,93135.41,-14.2,-10.0,139.768,119.023,93.062,53944.39,28022.55,16608.01,44.63
2015-12-30,153.0,153.0,142.0,141.16,153440.69,-14.84,-9.46,137.776,113.56,90.891,35810.49,18746.5,11825.05,73.52
2015-12-29,156.84,156.84,156.84,156.84,5187.43,14.26,10.0,130.802,106.012,87.484,5740.85,3443.14,2384.01,2.49
2015-12-28,142.58,142.58,142.58,142.58,8671.93,12.96,10.0,118.912,96.375,82.53,5232.69,2967.51,2183.77,4.16
2015-12-25,129.62,129.62,129.62,129.62,9286.51,11.78,10.0,108.104,87.614,77.911,3735.8,2133.42,1684.68,4.45
2015-12-24,117.84,117.84,117.84,117.84,2465.88,10.71,10.0,98.278,79.649,73.602,2100.7,1222.76,1051.19,1.18
2015-12-23,107.13,107.13,107.13,107.13,3092.5,9.74,10.0,89.344,72.408,69.58,1682.52,981.54,922.58,1.48
2015-12-22,97.39,97.39,97.39,97.39,2646.61,8.85,9.99,81.222,65.825,65.825,1145.42,705.59,705.59,1.27
2015-12-21,88.54,88.54,88.54,88.54,1187.5,8.05,10.0,73.838,62.318,62.318,702.33,489.92,489.92,0.57
2015-12-18,80.49,80.49,80.49,80.49,1111.0,7.32,10.0,67.124,59.04,59.04,531.03,402.72,402.72,0.53
2015-12-17,73.17,73.17,73.17,73.17,375.0,6.65,10.0,61.02,55.976,55.976,344.83,301.54,301.54,0.18
2015-12-16,66.52,66.52,66.52,66.52,406.99,6.05,10.01,55.472,53.11,53.11,280.56,289.3,289.3,0.2
2015-12-15,60.47,60.47,60.47,60.47,431.16,5.5,10.01,50.428,50.428,50.428,265.76,265.76,265.76,0.21
2015-12-14,54.97,54.97,54.97,54.97,331.0,5.0,10.01,47.918,47.918,47.918,224.41,224.41,224.41,0.16
2015-12-11,49.97,49.97,49.97,49.97,180.0,4.54,9.99,45.567,45.567,45.567,188.88,188.88,188.88,0.09
2015-12-10,45.43,45.43,45.43,45.43,53.63,4.13,10.0,43.365,43.365,43.365,193.32,193.32,193.32,0.03
2015-12-09,37.86,41.3,41.3,37.86,333.0,12.62,44.0,41.3,41.3,41.3,333.0,333.0,333.0,0.16
