date,open,high,close,low,volume,price_change,p_change,ma5,ma10,ma20,v_ma5,v_ma10,v_ma20,turnover
2016-01-08,60.18,60.18,60.18,58.03,119963.49,5.47,10.0,50.192,40.677,36.172,26382.6,13333.75,10284.04,26.66
2016-01-07,54.71,54.71,54.71,54.71,4598.5,4.97,9.99,45.63,36.979,34.171,2477.1,1348.4,1144.08,1.02
2016-01-06,49.74,49.74,49.74,49.74,653.5,4.52,10.0,41.482,33.617,32.304,1654.54,895.55,830.05,0.15
2016-01-05,45.22,45.22,45.22,45.22,4222.49,4.11,10.0,37.71,30.56,30.56,1547.2,847.7,847.7,0.94
2016-01-04,41.11,41.11,41.11,41.11,2475.0,3.74,10.01,34.28,28.931,28.931,753.3,472.72,472.72,0.55
2015-12-31,37.37,37.37,37.37,37.37,436.0,3.4,10.01,31.162,27.409,27.409,284.9,222.44,222.44,0.1
2015-12-30,33.97,33.97,33.97,33.97,485.7,3.09,10.01,28.328,25.986,25.986,219.7,191.93,191.93,0.11
2015-12-29,30.88,30.88,30.88,30.88,116.8,2.81,10.01,25.752,24.655,24.655,136.56,142.97,142.97,0.03
2015-12-28,28.07,28.07,28.07,28.07,253.0,2.55,9.99,23.41,23.41,23.41,148.2,148.2,148.2,0.06
2015-12-25,25.52,25.52,25.52,25.52,133.0,2.32,10.0,22.245,22.245,22.245,122.0,122.0,122.0,0.03
2015-12-24,23.2,23.2,23.2,23.2,110.0,2.11,10.01,21.153,21.153,21.153,118.34,118.34,118.34,0.02
2015-12-23,21.09,21.09,21.09,21.09,70.0,1.92,10.02,20.13,20.13,20.13,122.51,122.51,122.51,0.02
2015-12-22,17.24,19.17,19.17,17.24,175.01,5.86,44.03,19.17,19.17,19.17,175.01,175.01,175.01,0.04
