date,open,high,close,low,volume,price_change,p_change,ma5,ma10,ma20,v_ma5,v_ma10,v_ma20,turnover
2016-01-08,9.41,9.41,9.41,9.41,802.67,0.86,10.06,7.842,6.357,5.875,334.36,201.28,188.65,0.16
2016-01-07,8.55,8.55,8.55,8.55,200.53,0.78,10.04,7.128,5.779,5.554,189.43,124.51,132.83,0.04
2016-01-06,7.77,7.77,7.77,7.77,139.6,0.71,10.06,6.48,5.254,5.254,170.72,126.06,126.06,0.03
2016-01-05,7.06,7.06,7.06,7.06,251.0,0.64,9.97,5.892,4.974,4.974,150.2,124.56,124.56,0.05
2016-01-04,6.42,6.42,6.42,6.42,278.0,0.58,9.93,5.358,4.714,4.714,115.8,108.75,108.75,0.06
2015-12-31,5.84,5.84,5.84,5.84,78.0,0.53,9.98,4.872,4.47,4.47,68.2,84.57,84.57,0.02
2015-12-30,5.31,5.31,5.31,5.31,107.0,0.48,9.94,4.43,4.242,4.242,59.6,85.67,85.67,0.02
2015-12-29,4.83,4.83,4.83,4.83,37.0,0.44,10.02,4.028,4.028,4.028,81.4,81.4,81.4,0.01
2015-12-28,4.39,4.39,4.39,4.39,79.0,0.4,10.03,3.828,3.828,3.828,92.5,92.5,92.5,0.02
2015-12-25,3.99,3.99,3.99,3.99,40.0,0.36,9.92,3.64,3.64,3.64,97.0,97.0,97.0,0.01
2015-12-24,3.63,3.63,3.63,3.63,35.0,0.33,10.0,3.465,3.465,3.465,125.5,125.5,125.5,0.01
2015-12-23,2.75,3.3,3.3,2.75,216.0,1.01,44.1,3.3,3.3,3.3,216.0,216.0,216.0,0.04
