date,open,high,close,low,volume,price_change,p_change,ma5,ma10,ma20,v_ma5,v_ma10,v_ma20,turnover
2016-01-08,34.25,34.25,34.25,34.25,1599.49,3.11,9.99,28.568,23.154,20.591,864.3,506.85,413.88,0.38
2016-01-07,31.14,31.14,31.14,31.14,716.0,2.83,10.0,25.972,21.05,19.453,611.6,356.0,315.08,0.17
2016-01-06,28.31,28.31,28.31,28.31,395.5,2.57,9.98,23.612,19.137,18.39,497.8,289.7,278.64,0.09
2016-01-05,25.74,25.74,25.74,25.74,904.0,2.34,10.0,21.466,17.398,17.398,442.7,266.95,266.95,0.21
2016-01-04,23.4,23.4,23.4,23.4,706.5,2.13,10.01,19.514,16.471,16.471,281.9,196.17,196.17,0.17
2015-12-31,21.27,21.27,21.27,21.27,336.0,1.93,9.98,17.74,15.605,15.605,149.4,132.38,132.38,0.08
2015-12-30,19.34,19.34,19.34,19.34,147.0,1.76,10.01,16.128,14.796,14.796,100.4,103.29,103.29,0.03
2015-12-29,17.58,17.58,17.58,17.58,120.0,1.6,10.01,14.662,14.038,14.038,81.6,96.0,96.0,0.03
2015-12-28,15.98,15.98,15.98,15.98,100.0,1.45,9.98,13.33,13.33,13.33,91.2,91.2,91.2,0.02
2015-12-25,14.53,14.53,14.53,14.53,44.0,1.32,9.99,12.668,12.668,12.668,89.0,89.0,89.0,0.01
2015-12-24,13.21,13.21,13.21,13.21,91.0,1.2,9.99,12.047,12.047,12.047,104.0,104.0,104.0,0.02
2015-12-23,12.01,12.01,12.01,12.01,53.0,1.09,9.98,11.465,11.465,11.465,110.5,110.5,110.5,0.01
2015-12-22,9.92,10.92,10.92,9.92,168.0,3.34,44.06,10.92,10.92,10.92,168.0,168.0,168.0,0.04
