date,open,high,close,low,volume,price_change,p_change,ma5,ma10,ma20,v_ma5,v_ma10,v_ma20,turnover
2016-01-08,44.07,44.07,44.07,44.07,1141.61,4.01,10.01,36.752,29.783,27.521,651.02,349.61,306.51,0.36
2016-01-07,40.06,40.06,40.06,40.06,505.5,3.64,9.99,33.41,27.074,26.016,439.5,239.05,230.59,0.16
2016-01-06,36.42,36.42,36.42,36.42,360.0,3.31,10.0,30.372,24.612,24.612,349.8,203.1,203.1,0.11
2016-01-05,33.11,33.11,33.11,33.11,839.0,3.01,10.0,27.61,23.3,23.3,285.4,185.67,185.67,0.26
2016-01-04,30.1,30.1,30.1,30.1,409.0,2.74,10.02,25.098,22.074,22.074,125.4,104.0,104.0,0.13
2015-12-31,27.36,27.36,27.36,27.36,84.0,2.49,10.01,22.814,20.927,20.927,48.2,60.43,60.43,0.03
2015-12-30,24.87,24.87,24.87,24.87,57.0,2.26,10.0,20.738,19.855,19.855,38.6,56.5,56.5,0.02
2015-12-29,22.61,22.61,22.61,22.61,38.0,2.06,10.02,18.852,18.852,18.852,56.4,56.4,56.4,0.01
2015-12-28,20.55,20.55,20.55,20.55,39.0,1.87,10.01,17.913,17.913,17.913,61.0,61.0,61.0,0.01
2015-12-25,18.68,18.68,18.68,18.68,23.0,1.7,10.01,17.033,17.033,17.033,68.34,68.34,68.34,0.01
2015-12-24,16.98,16.98,16.98,16.98,36.0,1.54,9.97,16.21,16.21,16.21,91.01,91.01,91.01,0.01
2015-12-23,13.49,15.44,15.44,13.49,146.01,4.72,44.03,15.44,15.44,15.44,146.01,146.01,146.01,0.05
