date,open,high,close,low,volume,price_change,p_change,ma5,ma10,ma20,v_ma5,v_ma10,v_ma20,turnover
2016-01-08,143.79,143.79,143.79,143.79,14250.9,13.07,10.0,119.922,97.192,86.429,3456.33,1772.47,1374.59,8.53
2016-01-07,130.72,130.72,130.72,130.72,1148.5,11.88,10.0,109.022,88.357,81.649,650.25,350.68,301.57,0.69
2016-01-06,118.84,118.84,118.84,118.84,277.5,10.8,10.0,99.112,80.325,77.188,435.35,238.43,224.58,0.17
2016-01-05,108.04,108.04,108.04,108.04,1079.25,9.82,10.0,90.102,73.023,73.023,394.65,219.28,219.28,0.65
2016-01-04,98.22,98.22,98.22,98.22,525.5,8.93,10.0,81.91,69.132,69.132,191.32,123.73,123.73,0.31
2015-12-31,89.29,89.29,89.29,89.29,220.5,8.12,10.0,74.462,65.496,65.496,88.62,73.51,73.51,0.13
2015-12-30,81.17,81.17,81.17,81.17,74.0,7.38,10.0,67.692,62.097,62.097,51.12,52.51,52.51,0.04
2015-12-29,73.79,73.79,73.79,73.79,74.0,6.71,10.0,61.538,58.918,58.918,41.52,48.93,48.93,0.04
2015-12-28,67.08,67.08,67.08,67.08,62.58,6.1,10.0,55.944,55.944,55.944,43.92,43.92,43.92,0.04
2015-12-25,60.98,60.98,60.98,60.98,12.0,5.54,9.99,53.16,53.16,53.16,39.25,39.25,39.25,0.01
2015-12-24,55.44,55.44,55.44,55.44,33.0,5.04,10.0,50.553,50.553,50.553,48.33,48.33,48.33,0.02
2015-12-23,50.4,50.4,50.4,50.4,26.0,4.58,10.0,48.11,48.11,48.11,56.0,56.0,56.0,0.02
2015-12-22,41.64,45.82,45.82,41.64,86.0,14.0,44.0,45.82,45.82,45.82,86.0,86.0,86.0,0.05
