date,open,high,close,low,volume,price_change,p_change,ma5,ma10,ma20,v_ma5,v_ma10,v_ma20,turnover
2016-01-08,28.34,28.34,28.34,28.34,480.5,2.58,10.02,23.632,19.152,17.699,234.34,139.32,120.35,0.23
2016-01-07,25.76,25.76,25.76,25.76,137.0,2.34,9.99,21.482,17.411,16.732,154.04,91.77,87.6,0.07
2016-01-06,23.42,23.42,23.42,23.42,76.0,2.13,10.01,19.528,15.829,15.829,131.64,82.67,82.67,0.04
2016-01-05,21.29,21.29,21.29,21.29,320.19,1.94,10.03,17.752,14.986,14.986,130.47,83.41,83.41,0.15
2016-01-04,19.35,19.35,19.35,19.35,158.0,1.76,10.01,16.138,14.198,14.198,71.49,53.81,53.81,0.08
2015-12-31,17.59,17.59,17.59,17.59,79.0,1.6,10.01,14.672,13.461,13.461,44.29,38.92,38.92,0.04
2015-12-30,15.99,15.99,15.99,15.99,25.01,1.45,9.97,13.34,12.773,12.773,29.49,32.24,32.24,0.01
2015-12-29,14.54,14.54,14.54,14.54,70.16,1.32,9.98,12.13,12.13,12.13,33.69,33.69,33.69,0.03
2015-12-28,13.22,13.22,13.22,13.22,25.28,1.2,9.98,11.528,11.528,11.528,24.57,24.57,24.57,0.01
2015-12-25,12.02,12.02,12.02,12.02,22.01,1.09,9.97,10.963,10.963,10.963,24.34,24.34,24.34,0.01
2015-12-24,10.93,10.93,10.93,10.93,5.0,0.99,9.96,10.435,10.435,10.435,25.5,25.5,25.5,0.0
2015-12-23,8.28,9.94,9.94,8.28,46.0,3.04,44.06,9.94,9.94,9.94,46.0,46.0,46.0,0.02
