date,open,high,close,low,volume,price_change,p_change,ma5,ma10,ma20,v_ma5,v_ma10,v_ma20,turnover
2016-01-08,66.57,66.57,66.57,66.57,3014.4,6.05,10.0,55.52,44.996,31.171,2988.56,2046.73,1069.47,1.0
2016-01-07,60.52,60.52,60.52,60.52,1360.0,5.5,10.0,50.474,40.905,28.337,2988.26,1771.75,923.75,0.45
2016-01-06,55.02,55.02,55.02,55.02,921.66,5.0,10.0,45.886,37.186,26.643,2867.86,1652.13,900.79,0.31
2016-01-05,50.02,50.02,50.02,50.02,6481.9,4.55,10.01,41.714,33.805,25.067,2896.29,1569.57,899.63,2.16
2016-01-04,45.47,45.47,45.47,45.47,3164.86,4.13,9.99,37.92,30.731,23.599,1679.46,930.27,571.26,1.05
2015-12-31,41.34,41.34,41.34,41.34,3012.86,3.76,10.01,34.472,27.937,22.232,1104.89,626.29,409.16,1.0
2015-12-30,37.58,37.58,37.58,37.58,758.01,3.42,10.01,31.336,25.397,20.958,555.24,327.9,235.58,0.25
2015-12-29,34.16,34.16,34.16,34.16,1063.82,3.11,10.02,28.486,23.088,19.771,436.4,255.97,198.26,0.35
2015-12-28,31.05,31.05,31.05,31.05,397.77,2.82,9.99,25.896,20.989,18.664,242.85,152.49,131.68,0.13
2015-12-25,28.23,28.23,28.23,28.23,292.0,2.57,10.02,23.542,19.081,17.632,181.08,115.81,109.51,0.1
2015-12-24,25.66,25.66,25.66,25.66,264.6,2.33,9.99,21.402,17.346,16.668,147.68,92.21,92.92,0.09
2015-12-23,23.33,23.33,23.33,23.33,163.8,2.12,9.99,19.458,15.769,15.769,100.56,75.75,75.75,0.05
2015-12-22,21.21,21.21,21.21,21.21,96.1,1.93,10.01,17.69,14.929,14.929,75.54,65.97,65.97,0.03
2015-12-21,19.28,19.28,19.28,19.28,88.9,1.75,9.98,16.082,14.144,14.144,62.12,62.2,62.2,0.03
2015-12-18,17.53,17.53,17.53,17.53,125.0,1.59,9.97,14.62,13.41,13.41,50.54,58.39,58.39,0.04
2015-12-17,15.94,15.94,15.94,15.94,29.0,1.45,10.01,13.29,12.723,12.723,36.74,47.28,47.28,0.01
2015-12-16,14.49,14.49,14.49,14.49,38.7,1.32,10.02,12.08,12.08,12.08,50.94,50.94,50.94,0.01
2015-12-15,13.17,13.17,13.17,13.17,29.0,1.2,10.03,11.478,11.478,11.478,54.0,54.0,54.0,0.01
2015-12-14,11.97,11.97,11.97,11.97,31.0,1.09,10.02,10.913,10.913,10.913,62.33,62.33,62.33,0.01
2015-12-11,10.88,10.88,10.88,10.88,56.0,0.99,10.01,10.385,10.385,10.385,78.0,78.0,78.0,0.02
2015-12-10,9.06,9.89,9.89,9.06,100.0,3.02,43.96,9.89,9.89,9.89,100.0,100.0,100.0,0.03
