date,open,high,close,low,volume,price_change,p_change,ma5,ma10,ma20,v_ma5,v_ma10,v_ma20,turnover
2016-01-08,69.3,69.3,69.3,69.3,756.18,6.3,10.0,57.792,46.839,41.652,431.64,237.72,198.64,0.42
2016-01-07,63.0,63.0,63.0,63.0,295.0,5.73,10.01,52.538,42.581,39.348,294.8,163.6,152.18,0.16
2016-01-06,57.27,57.27,57.27,57.27,277.0,5.21,10.01,47.762,38.71,37.198,245.8,136.7,139.2,0.15
2016-01-05,52.06,52.06,52.06,52.06,494.0,4.73,9.99,43.42,35.191,35.191,199.2,125.42,125.42,0.27
2016-01-04,47.33,47.33,47.33,47.33,336.0,4.3,9.99,39.474,33.317,33.317,106.8,84.47,84.47,0.19
2015-12-31,43.03,43.03,43.03,43.03,72.0,3.91,9.99,35.886,31.565,31.565,43.8,53.03,53.03,0.04
2015-12-30,39.12,39.12,39.12,39.12,50.0,3.56,10.01,32.624,29.927,29.927,32.4,50.31,50.31,0.03
2015-12-29,35.56,35.56,35.56,35.56,44.0,3.23,9.99,29.658,28.395,28.395,27.6,50.37,50.37,0.02
2015-12-28,32.33,32.33,32.33,32.33,32.0,2.94,10.0,26.962,26.962,26.962,51.64,51.64,51.64,0.02
2015-12-25,29.39,29.39,29.39,29.39,21.0,2.67,9.99,25.62,25.62,25.62,56.55,56.55,56.55,0.01
2015-12-24,26.72,26.72,26.72,26.72,15.0,2.43,10.0,24.363,24.363,24.363,68.4,68.4,68.4,0.01
2015-12-23,24.29,24.29,24.29,24.29,26.0,2.21,10.01,23.185,23.185,23.185,95.1,95.1,95.1,0.01
2015-12-22,18.96,22.08,22.08,18.96,164.2,6.75,44.03,22.08,22.08,22.08,164.2,164.2,164.2,0.09
