date,open,high,close,low,volume,price_change,p_change,ma5,ma10,ma20,v_ma5,v_ma10,v_ma20,turnover
2016-01-08,225.0,225.49,225.49,215.0,140633.81,20.5,10.0,188.05,152.407,105.584,32552.56,16798.7,8446.5,56.25
2016-01-07,204.99,204.99,204.99,204.99,10725.46,18.64,10.0,170.954,138.552,95.984,5065.69,2766.91,1419.46,4.29
2016-01-06,186.35,186.35,186.35,186.35,1789.2,16.94,10.0,155.412,125.957,90.247,3124.67,1709.97,929.67,0.72
2016-01-05,169.41,169.41,169.41,169.41,5531.06,15.4,10.0,141.284,114.507,84.908,2827.45,1548.55,881.92,2.21
2016-01-04,154.01,154.01,154.01,154.01,4083.25,14.0,10.0,128.44,104.098,79.938,1807.98,1002.04,608.44,1.63
2015-12-31,140.01,140.01,140.01,140.01,3199.49,12.73,10.0,116.764,94.635,75.308,1044.83,598.82,391.26,1.28
2015-12-30,127.28,127.28,127.28,127.28,1020.35,11.57,10.0,106.15,86.032,70.995,468.14,283.37,204.05,0.41
2015-12-29,115.71,115.71,115.71,115.71,303.08,10.52,10.0,96.502,78.211,66.974,295.27,184.53,145.74,0.12
2015-12-28,105.19,105.19,105.19,105.19,433.75,9.56,10.0,87.73,71.101,63.225,269.65,156.13,133.64,0.17
2015-12-25,95.63,95.63,95.63,95.63,267.5,8.69,9.99,79.756,64.637,59.728,196.1,116.75,108.63,0.11
2015-12-24,86.94,86.94,86.94,86.94,316.0,7.9,9.99,72.506,58.76,56.465,152.8,94.3,94.18,0.13
2015-12-23,79.04,79.04,79.04,79.04,156.0,7.19,10.01,65.914,53.417,53.417,98.6,72.0,72.0,0.06
2015-12-22,71.85,71.85,71.85,71.85,175.0,6.53,10.0,59.92,50.57,50.57,73.8,62.67,62.67,0.07
2015-12-21,65.32,65.32,65.32,65.32,66.0,5.94,10.0,54.472,47.91,47.91,42.6,48.63,48.63,0.03
2015-12-18,59.38,59.38,59.38,59.38,51.0,5.4,10.0,49.518,45.423,45.423,37.4,46.14,46.14,0.02
2015-12-17,53.98,53.98,53.98,53.98,45.0,4.91,10.01,45.014,43.097,43.097,35.8,45.34,45.34,0.02
2015-12-16,49.07,49.07,49.07,49.07,32.0,4.46,10.0,40.92,40.92,40.92,45.4,45.4,45.4,0.01
2015-12-15,44.61,44.61,44.61,44.61,19.0,4.06,10.01,38.883,38.883,38.883,48.75,48.75,48.75,0.01
2015-12-14,40.55,40.55,40.55,40.55,40.0,3.69,10.01,36.973,36.973,36.973,58.67,58.67,58.67,0.02
2015-12-11,36.86,36.86,36.86,36.86,43.0,3.35,10.0,35.185,35.185,35.185,68.01,68.01,68.01,0.02
2015-12-10,28.41,33.51,33.51,28.41,93.01,10.24,44.01,33.51,33.51,33.51,93.01,93.01,93.01,0.04
